           0  -0.76326919            0    0.2367311            0
    0.015625  -0.73791426 -0.0024143008   0.26208574 -0.002414326
     0.03125   -1.0575294   -4.1968765  -0.05752911   -4.1968684
    0.046875    19.373644    14.590838    20.373642    14.590835
      0.0625   -14.621091   0.77594948    -13.62109   0.77594829
    0.078125   0.13178059    -8.078928    1.1317803   -8.0789299
     0.09375    1.2223485    1.3270209    2.2223485    1.3270204
    0.109375  -0.43657014   0.91418707   0.56342971   0.91418672
       0.125   -0.8071329   0.24088539   0.19286709   0.24088539
    0.140625   -1.1416082   0.31134832  -0.14160848   0.31134832
     0.15625    -1.062314   0.31440693 -0.062313855   0.31440696
    0.171875  -0.93007505   0.29093277  0.069925159   0.29093274
      0.1875  -0.89609534   0.18760349   0.10390481   0.18760347
    0.203125  -0.93218946   0.22039315  0.067810446   0.22039314
     0.21875  -0.87391585    0.4656105   0.12608437    0.4656105
    0.234375  -0.81879556   0.37765566   0.18120465   0.37765574
        0.25  -0.82237524   0.15684272   0.17762478   0.15684275
    0.265625  -0.88327456    0.2899774   0.11672568   0.28997734
     0.28125  -0.82407874   0.31104794    0.1759212   0.31104794
    0.296875  -0.80192631    0.4351857   0.19807331    0.4351857
      0.3125  -0.81999379   0.64426529   0.18000631   0.64426517
    0.328125  -0.98323095   0.53783214  0.016769212   0.53783208
     0.34375  -0.88930178   0.51424479   0.11069848   0.51424468
    0.359375  -0.77366936   0.45932707    0.2263307   0.45932704
       0.375  -0.77971077    0.5394038    0.2202895    0.5394038
    0.390625  -0.74937469   0.55034089   0.25062495   0.55034101
     0.40625  -0.78191233   0.49316537   0.21808755   0.49316537
    0.421875   -0.6888141   0.42090005   0.31118625   0.42090005
      0.4375  -0.64376539    0.3482663   0.35623434    0.3482663
    0.453125  -0.65215766    0.3807826   0.34784234    0.3807826
     0.46875  -0.56175262   0.37455556   0.43824747   0.37455556
    0.484375  -0.56889033   0.49075228   0.43110958   0.49075228
         0.5  -0.67866886   0.54191071   0.32133108   0.54191071
    0.515625  -0.63280374   0.45590857   0.36719641   0.45590857
     0.53125  -0.62486857   0.43518817   0.37513107   0.43518817
    0.546875   -0.5346958   0.44308767   0.46530387   0.44308767
      0.5625  -0.58899224   0.44016978   0.41100794   0.44016981
    0.578125  -0.52814513   0.41846102   0.47185498   0.41846102
     0.59375  -0.43312621   0.43773779   0.56687343   0.43773779
    0.609375  -0.66676575   0.45746371   0.33323446   0.45746371
       0.625  -0.73688364   0.42657876   0.26311657   0.42657864
    0.640625  -0.62498784   0.47702256   0.37501225   0.47702244
     0.65625  -0.53341329   0.48465955   0.46658647   0.48465955
    0.671875  -0.37756312   0.46090996    0.6224373   0.46090996
      0.6875  -0.39190593   0.37046543   0.60809422   0.37046537
    0.703125  -0.38778567   0.35034725   0.61221445   0.35034719
     0.71875  -0.43860915   0.43096441   0.56139106   0.43096432
    0.734375  -0.44736046   0.35368311   0.55263972   0.35368311
        0.75  -0.44694865   0.32003993   0.55305141   0.32003996
    0.765625  -0.49917561   0.35477564   0.50082397   0.35477567
     0.78125  -0.45526189   0.22682387   0.54473776    0.2268239
    0.796875  -0.39087605   0.29575557   0.60912412   0.29575557
      0.8125  -0.13116412   0.27455571   0.86883605   0.27455571
    0.828125  -0.28569582    0.3269299   0.71430409   0.32692993
     0.84375  -0.33694348   0.35993388   0.66305637   0.35993394
    0.859375   -0.3313325   0.29617602   0.66866744   0.29617605
       0.875  -0.37109685   0.28632686   0.62890291    0.2863268
    0.890625  -0.33395499   0.27946511   0.66604501   0.27946511
     0.90625  -0.38779205   0.26439539   0.61220813   0.26439542
    0.921875  -0.39656782   0.20591411    0.6034323   0.20591411
      0.9375  -0.42924809   0.16226169   0.57075202   0.16226169
    0.953125  -0.54816657   0.10422231   0.45183355   0.10422231
     0.96875   -0.5660454    0.1096532   0.43395457   0.10965319
    0.984375  -0.62466824   0.12387651   0.37533176   0.12387653
           1  -0.73142606   0.19295077   0.26857379   0.19295079
    1.015625  -0.61376184   0.26818848    0.3862384   0.26818848
     1.03125  -0.51694095   0.36722004   0.48305911   0.36722004
    1.046875  -0.73775351   0.24725918   0.26224673   0.24725921
      1.0625  -0.87501943   0.23181449   0.12498045   0.23181449
    1.078125  -0.73652166   0.45935252   0.26347858   0.45935258
     1.09375    -0.723885   0.74932307   0.27611494   0.74932307
    1.109375   -0.8216809    0.8120414   0.17831913    0.8120414
       1.125  -0.68294513   0.73589724   0.31705463   0.73589712
    1.140625  -0.56343406   0.79120111   0.43656588   0.79120123
     1.15625  -0.48780563   0.78890848   0.51219434   0.78890824
    1.171875  -0.49065012   0.71585751   0.50934952   0.71585745
      1.1875  -0.41201824   0.68770254   0.58798188   0.68770254
    1.203125  -0.35031822   0.70529091   0.64968157   0.70529109
     1.21875  -0.31483808   0.66441005   0.68516201   0.66441005
    1.234375  -0.31840801   0.62435311   0.68159199   0.62435311
        1.25  -0.32449383   0.61237633   0.67550606   0.61237633
    1.265625  -0.29161501    0.5871501   0.70838487   0.58715022
     1.28125  -0.25898856   0.56695634   0.74101126    0.5669564
    1.296875  -0.27490136   0.55869311   0.72509849   0.55869311
      1.3125  -0.24429515   0.56120604   0.75570488   0.56120604
    1.328125  -0.26070073   0.52516693   0.73929971   0.52516699
     1.34375  -0.27716976   0.53242803   0.72283012   0.53242791
    1.359375   -0.2767747   0.56771982   0.72322536   0.56771982
       1.375  -0.26228735   0.54916304   0.73771268   0.54916298
    1.390625  -0.23464002   0.54205841   0.76536012   0.54205841
     1.40625  -0.27335468   0.57279456   0.72664535   0.57279444
    1.421875  -0.27465659   0.53729773   0.72534329   0.53729755
      1.4375  -0.20308392   0.54269087   0.79691607   0.54269087
    1.453125  -0.19484545   0.50768054   0.80515468   0.50768054
     1.46875  -0.25516561   0.47509116   0.74483454   0.47509122
    1.484375  -0.23143744   0.48451021   0.76856256   0.48451009
         1.5  -0.14237349   0.58664912   0.85762656   0.58664912
    1.515625  -0.18945888   0.63474691   0.81054121   0.63474691
     1.53125  -0.20431972   0.49827567   0.79568022   0.49827567
    1.546875  -0.19994883   0.44939521   0.80005074   0.44939521
      1.5625  -0.18599005   0.44013742   0.81400985   0.44013733
    1.578125  -0.20077939   0.40744266   0.79922044   0.40744266
     1.59375  -0.22899824   0.36838549   0.77100176   0.36838549
    1.609375  -0.25424811   0.40155688    0.7457521   0.40155688
       1.625  -0.23660053    0.4716942    0.7633996    0.4716942
    1.640625  -0.28590187   0.46473873   0.71409816   0.46473864
     1.65625  -0.23335293    0.4438332   0.76664734   0.44383323
    1.671875  -0.20473084   0.41327482   0.79526931   0.41327491
      1.6875  -0.18518126   0.38924029   0.81481868   0.38924029
    1.703125  -0.11842781    0.3975938   0.88157177    0.3975938
     1.71875  -0.16646148   0.35788614   0.83353859   0.35788617
    1.734375   -0.1724676   0.41279456   0.82753211   0.41279456
        1.75  -0.16387874   0.38320252    0.8361212   0.38320249
    1.765625  -0.02723893   0.39894167   0.97276103   0.39894158
     1.78125 -0.013898896   0.28018239   0.98610097   0.28018239
    1.796875  -0.15936384   0.32716158   0.84063643   0.32716158
      1.8125  -0.15075266   0.35360071    0.8492474   0.35360077
    1.828125  -0.18694581   0.32347429   0.81305438   0.32347429
     1.84375 -0.086646259   0.28854638   0.91335362   0.28854638
    1.859375  0.026499318   0.22064847    1.0264993   0.22064851
       1.875 -0.023215273   0.14961837   0.97678453   0.14961842
    1.890625 -0.078474574   0.21785107   0.92152554    0.2178511
     1.90625 -0.081105359   0.31950793   0.91889441   0.31950793
    1.921875  -0.10173753   0.38860604   0.89826238   0.38860604
      1.9375  -0.23797791   0.35309067   0.76202214   0.35309076
    1.953125  -0.18994705   0.29083127   0.81005299   0.29083133
     1.96875  -0.26898915   0.36124387   0.73101068   0.36124387
    1.984375 -0.097665802   0.26890352   0.90233427   0.26890352
           2   -0.1301135   0.23866777   0.86988658    0.2386678
    2.015625  -0.11054967   0.25922069   0.88944983   0.25922078
     2.03125  -0.17115481   0.29424956   0.82884514   0.29424962
    2.046875 -0.091010265   0.33943641   0.90899003   0.33943644
      2.0625  -0.15528816   0.22190881    0.8447119   0.22190884
    2.078125  -0.19631459   0.17862874   0.80368555   0.17862877
     2.09375 -0.096956953   0.18786953   0.90304291   0.18786955
    2.109375  -0.10180862   0.16566715   0.89819133   0.16566709
       2.125  -0.17754813   0.20489684   0.82245165   0.20489684
    2.140625  -0.22110449   0.19428888   0.77889538   0.19428891
     2.15625   -0.1471111    0.1576855   0.85288894   0.15768547
    2.171875  -0.23174998   0.23628078   0.76824993   0.23628081
      2.1875  -0.12016171   0.14640345   0.87983829   0.14640346
    2.203125  -0.15514065   0.14116134   0.84485984   0.14116137
     2.21875  -0.28189135   0.16331078   0.71810895   0.16331078
    2.234375  -0.27739638   0.25164354   0.72260368   0.25164354
        2.25  -0.14445844   0.12932235   0.85554171   0.12932238
    2.265625 -0.081262238   0.10872444   0.91873789   0.10872439
     2.28125  -0.16878663    0.1103723   0.83121353   0.11037229
    2.296875  -0.21739338 -0.065665737   0.78260648 -0.065665767
      2.3125   -0.2052158 -0.00014042314   0.79478413 -0.000140408
    2.328125  -0.21998799  0.084643058   0.78001195  0.084643058
     2.34375  -0.29284492 0.0027669067   0.70715487 0.0027668842
    2.359375  -0.28610432  0.035930153   0.71389592  0.035930164
       2.375  -0.29967973 -0.0048100017   0.70032018 -0.0048100003
    2.390625  -0.40225837 -0.061669547   0.59774172 -0.061669547
     2.40625  -0.41658133  0.011688567   0.58341861  0.011688551
    2.421875  -0.38476771 0.0018430125   0.61523265 0.0018430114
      2.4375  -0.32062411  -0.07354781   0.67937571 -0.073547825
    2.453125  -0.38284442 -0.068878718   0.61715549 -0.068878733
     2.46875  -0.40710706 -0.035171323   0.59289294   -0.0351713
    2.484375  -0.40601423 -0.086667337   0.59398586 -0.086667277
         2.5  -0.49064898 -0.071712881   0.50935125 -0.071712874
    2.515625  -0.58980608 -0.060530495   0.41019401 -0.060530517
     2.53125  -0.64672226  -0.11794797    0.3532775  -0.11794799
    2.546875  -0.68427956  -0.11423061   0.31572056  -0.11423057
      2.5625  -0.77876514  -0.10346758   0.22123465  -0.10346759
    2.578125  -0.88281244  -0.10161695   0.11718751  -0.10161695
     2.59375   -1.0095565  -0.02487787 -0.0095565263  -0.02487788
    2.609375   -1.0933133  0.099477619 -0.093313441  0.099477634
       2.625   -1.1146452   0.20976554  -0.11464535   0.20976554
    2.640625   -1.1544937   0.33866253  -0.15449369   0.33866265
     2.65625   -1.1897954   0.37357301  -0.18979542   0.37357304
    2.671875   -1.1947893   0.44541171  -0.19478941   0.44541171
      2.6875   -1.2257909   0.52853549  -0.22579074   0.52853554
    2.703125    -1.231416   0.63471919  -0.23141618   0.63471907
     2.71875   -1.2022629   0.67415982  -0.20226315   0.67415977
    2.734375   -1.1565372    0.7238192  -0.15653697    0.7238192
        2.75   -1.1832616   0.79777545  -0.18326171   0.79777545
    2.765625   -1.2237813    0.9144029  -0.22378132    0.9144029
     2.78125   -1.0379558    1.0187892 -0.037955951    1.0187892
    2.796875  -0.96315229    1.0610021  0.036847621    1.0610018
      2.8125    -1.040875     1.111899 -0.040874951     1.111899
    2.828125  -0.98615551    1.2874502  0.013844652    1.2874502
     2.84375  -0.89227796    1.3055911   0.10772185    1.3055913
    2.859375  -0.89344949    1.2574216   0.10655036    1.2574215
       2.875  -0.89199793    1.4024118   0.10800225    1.4024118
    2.890625  -0.65796846    1.5023013   0.34203133    1.5023009
     2.90625  -0.64287496    1.4447054   0.35712466    1.4447058
    2.921875   -0.5849278     1.611739   0.41507217     1.611739
      2.9375  -0.36822662    1.6632224   0.63177347    1.6632224
    2.953125   -0.3714979    1.6796874   0.62850213    1.6796874
     2.96875  -0.47257563    1.6060878   0.52742451    1.6060878
    2.984375  -0.15277416     1.662219   0.84722602     1.662219
           3 -0.084753171    1.4974841   0.91524702    1.4974842
    3.015625 -0.082576498    1.4934338   0.91742307    1.4934338
     3.03125  0.079108402    1.4802967    1.0791084    1.4802967
    3.046875  0.082121484    1.4823498    1.0821215    1.4823498
      3.0625  0.070124239    1.4658133    1.0701239    1.4658133
    3.078125   0.26514098    1.4802413    1.2651411    1.4802412
     3.09375   0.23599569    1.5711823    1.2359958    1.5711823
    3.109375   0.18146756    1.4026515    1.1814675    1.4026515
       3.125   0.27089024     1.287412      1.27089    1.2874117
    3.140625   0.25360879    1.2077807    1.2536088    1.2077807
     3.15625   0.26690254    1.1754009    1.2669027    1.1754009
    3.171875   0.34503993    1.2157369    1.3450398    1.2157369
      3.1875   0.38601807    1.1878812    1.3860183    1.1878812
    3.203125   0.37829071    1.1160961    1.3782907    1.1160961
     3.21875   0.38320807    1.0511062    1.3832084    1.0511062
    3.234375   0.41827631     1.098565    1.4182764    1.0985651
        3.25   0.44531411    1.0968292    1.4453146    1.0968294
    3.265625   0.41689223    1.1354278    1.4168928    1.1354278
     3.28125   0.41667554    1.0229118    1.4166757    1.0229118
    3.296875   0.45370188   0.97513211    1.4537017   0.97513175
      3.3125   0.45751432   0.99179161    1.4575142   0.99179161
    3.328125   0.46970591   0.97277242    1.4697062   0.97277242
     3.34375   0.49753508   0.94332993    1.4975358   0.94332993
    3.359375   0.49289352   0.91403049    1.4928935   0.91403049
       3.375   0.42668509   0.87924588    1.4266853   0.87924588
    3.390625   0.45187017   0.86371535    1.4518704   0.86371547
     3.40625   0.48662135   0.85372061    1.4866214   0.85372061
    3.421875   0.47398975   0.83602077    1.4739898   0.83602077
      3.4375    0.5222702   0.80601144    1.5222697   0.80601114
    3.453125   0.49064711   0.82048714    1.4906472   0.82048714
     3.46875   0.46790293   0.81342691    1.4679029   0.81342691
    3.484375   0.48100591   0.78908688    1.4810059   0.78908712
         3.5   0.55394423   0.76489794    1.5539438   0.76489794
    3.515625   0.55269563   0.75362319    1.5526955   0.75362319
     3.53125   0.52143025   0.71188891    1.5214307   0.71188897
    3.546875   0.51155829   0.70288634    1.5115584   0.70288628
      3.5625    0.5191741   0.68210298     1.519174   0.68210286
    3.578125   0.50580329   0.66340399     1.505803   0.66340381
     3.59375   0.53593987    0.7039417    1.5359397   0.70394176
    3.609375   0.54635388   0.68170524    1.5463537   0.68170547
       3.625   0.51439375   0.64165038    1.5143933   0.64165038
    3.640625     0.505427   0.64818001    1.5054265   0.64818001
     3.65625   0.49853721   0.65519065    1.4985374   0.65519065
    3.671875   0.52836466   0.64288014    1.5283649    0.6428802
      3.6875   0.52767968   0.61589229    1.5276796   0.61589235
    3.703125   0.51186413   0.57909197    1.5118641   0.57909197
     3.71875   0.54131782   0.53845716    1.5413178   0.53845727
    3.734375   0.55749232   0.52063167    1.5574923   0.52063167
        3.75   0.52651459   0.52601808    1.5265146   0.52601826
    3.765625   0.51597172   0.51454574    1.5159718   0.51454568
     3.78125   0.52155936   0.52655405    1.5215595   0.52655423
    3.796875   0.56696254   0.52117479    1.5669628   0.52117503
      3.8125   0.57786274   0.50753301    1.5778629   0.50753301
    3.828125   0.55871242    0.5009132    1.5587126   0.50091326
     3.84375   0.53983462    0.4752084    1.5398345   0.47520819
    3.859375   0.55854064   0.50815666    1.5585405    0.5081566
       3.875   0.61828578    0.5338009     1.618286    0.5338009
    3.890625   0.65140581   0.49243203    1.6514062     0.492432
     3.90625   0.57452959   0.50803566    1.5745298   0.50803572
    3.921875   0.53558969   0.48931599    1.5355898   0.48931599
      3.9375   0.53137875   0.53832167    1.5313785   0.53832161
    3.953125   0.58215177   0.43865955    1.5821512   0.43865973
     3.96875   0.55078036   0.40776622    1.5507802   0.40776604
    3.984375   0.50182205   0.43409154    1.5018222   0.43409193
           4   0.52924943   0.34239453    1.5292493   0.34239453
    4.015625   0.56150454   0.36704865    1.5615046   0.36704862
     4.03125   0.55282217   0.40014815    1.5528218   0.40014836
    4.046875   0.52715868   0.38915119    1.5271581   0.38915151
      4.0625   0.48851177   0.33004013    1.4885122   0.33004001
    4.078125   0.53627676   0.35510483    1.5362766   0.35510457
     4.09375    0.5811404    0.3533223    1.5811405   0.35332209
    4.109375   0.57544798   0.39937714    1.5754486   0.39937702
       4.125   0.55339831   0.39580756    1.5533981   0.39580742
    4.140625   0.52457553   0.39745981    1.5245756   0.39745963
     4.15625   0.53182048   0.32176805    1.5318203   0.32176822
    4.171875   0.57819343   0.27576613    1.5781928    0.2757653
      4.1875   0.57537979   0.30466118    1.5753796    0.3046616
    4.203125   0.57789469   0.31900853    1.5778935   0.31900871
     4.21875   0.58105129    0.3730509    1.5810517    0.3730509
    4.234375   0.62525654   0.36698243    1.6252569   0.36698282
        4.25   0.66129899    0.3147015    1.6612992    0.3147012
    4.265625   0.57312012   0.33886135    1.5731211   0.33886147
     4.28125   0.55617046   0.30144814    1.5561709   0.30144793
    4.296875   0.59153956   0.26322925    1.5915393   0.26322952
      4.3125   0.54202205   0.24486631     1.542021   0.24486662
    4.328125   0.53046298   0.26724461    1.5304636   0.26724514
     4.34375    0.4819741   0.28920606    1.4819744   0.28920543
    4.359375   0.52974194    0.2583414    1.5297413   0.25834191
       4.375   0.59787071   0.24694024    1.5978705    0.2469406
    4.390625   0.61924249   0.23351336    1.6192417   0.23351379
     4.40625   0.53832316   0.24046376    1.5383227   0.24046353
    4.421875   0.56034058   0.30503371    1.5603421   0.30503359
      4.4375   0.58001775   0.23162107    1.5800165   0.23162134
    4.453125   0.51275492   0.21648966    1.5127556   0.21648924
     4.46875    0.5369404   0.20339982    1.5369409   0.20340088
    4.484375   0.52333033   0.19293064    1.5233301   0.19293167
         4.5   0.57297999   0.16450925    1.5729803   0.16450867
    4.515625   0.58672607   0.19268332    1.5867255   0.19268334
     4.53125    0.5567261   0.22281699    1.5567256   0.22281629
    4.546875   0.60114586   0.21948439     1.601146    0.2194851
      4.5625    0.6046837   0.17966688    1.6046836   0.17966704
    4.578125   0.57350075   0.17158325    1.5734998   0.17158324
     4.59375   0.56003088   0.19736786    1.5600308   0.19736758
    4.609375   0.59018773   0.13803649     1.590186   0.13803753
       4.625   0.53738952   0.12500846    1.5373907   0.12500839
    4.640625   0.57642215   0.14703958     1.576424   0.14704196
     4.65625    0.5421797   0.14546756    1.5421793   0.14546755
    4.671875   0.50695264   0.13949014    1.5069519   0.13948804
      4.6875   0.56247687   0.15152498    1.5624745   0.15152481
    4.703125   0.51691777   0.13811176    1.5169165   0.13811134
     4.71875   0.52160931   0.10980651    1.5216091   0.10980659
    4.734375   0.53805584  0.049407527    1.5380576  0.049409539
        4.75   0.55774558  0.089433424    1.5577456  0.089437425
    4.765625   0.54768926    0.1206025    1.5476882   0.12060267
     4.78125   0.53734761  0.098950304    1.5373473  0.098951042
    4.796875   0.51262945   0.12884931    1.5126305   0.12884651
      4.8125   0.57125926  0.050414082    1.5712588  0.050414968
    4.828125   0.52774823  0.077508815    1.5277463  0.077510081
     4.84375   0.52784324  0.034505315    1.5278424   0.03450729
    4.859375   0.54509389   0.10945945    1.5450939   0.10945535
       4.875    0.5457111   0.13087213    1.5457122   0.13086893
    4.890625   0.47332537   0.11205874    1.4733235   0.11205924
     4.90625   0.50438887  0.067165449    1.5043879  0.067165792
    4.921875   0.57912254  0.062511198    1.5791268  0.062512957
      4.9375   0.55772966  0.037104022    1.5577309  0.037106331
    4.953125   0.49494436  0.090807214    1.4949484  0.090805672
     4.96875   0.52584165   0.10996789    1.5258427   0.10996678
    4.984375   0.54570544   0.15816398    1.5457034   0.15816051
           5    0.5902192   0.26495281    1.5902179   0.26495293
    5.015625    0.5009619 -0.065149643    1.5009636 -0.065150239
     5.03125   0.34679863 -0.034237433    1.3467999 -0.034242451
    5.046875   0.57812256  0.041033715     1.578119  0.041030105
      5.0625   0.60426426 -0.035039399    1.6042677 -0.035040006
    5.078125   0.52980405  0.018007165    1.5298049  0.018005172
     5.09375   0.43396863 -0.086363189    1.4339681 -0.086366616
    5.109375    0.4599553 -0.0055682906    1.4599552 -0.0055667935
       5.125   0.59924793 -0.0093440432    1.5992491 -0.0093441624
    5.140625   0.47057337 -0.025948256    1.4705784 -0.025949908
     5.15625   0.48068708 -0.020562045    1.4806886 -0.020562982
    5.171875   0.42067456  -0.10269795    1.4206713  -0.10270017
      5.1875   0.39615849  0.064092353     1.396158  0.064085312
    5.203125    0.3165108   0.10585121    1.3165102   0.10585734
     5.21875   0.22577359 -0.066824444    1.2257752 -0.066819482
    5.234375    0.4375276  -0.18539406    1.4375303    -0.185389
        5.25   0.48349991   -0.2111163    1.4834994  -0.21111545
    5.265625   0.54806703 -0.0015454137    1.5480722 -0.0015429247
     5.28125   0.58106601  0.012948285    1.5810649  0.012947036
    5.296875   0.48903498  -0.12068443    1.4890286  -0.12068613
      5.3125   0.35055447 -0.079766549    1.3505483 -0.079764575
    5.328125   0.32546204  -0.07793846    1.3254672  -0.07794033
     5.34375    0.6021837 -0.096030295    1.6021808 -0.096027263
    5.359375   0.75368971  -0.26757449    1.7536873  -0.26757392
       5.375   0.46654966  -0.36070663    1.4665489  -0.36070737
    5.390625   0.26512182  -0.58156353    1.2651221  -0.58156133
     5.40625   0.16010289  -0.39468437       1.1601   -0.3946946
    5.421875   0.22720772  -0.17392635    1.2272052   -0.1739317
      5.4375   0.42007589  -0.19812568    1.4200704  -0.19812176
    5.453125   0.37954262  -0.11961527    1.3795459  -0.11961508
     5.46875   0.30980644 -0.079571463    1.3098116 -0.079573497
    5.484375   0.45085871  -0.15078539    1.4508528  -0.15079181
         5.5   0.56945634  -0.05146588    1.5694515 -0.051468596
    5.515625   0.64016169   0.16456822    1.6401612   0.16456786
     5.53125   0.66334176   0.10017873    1.6633437   0.10018267
    5.546875   0.39619279  -0.14972112    1.3961973  -0.14972201
      5.5625    0.2727789  -0.15695462    1.2727854  -0.15695371
    5.578125   0.29284218   0.00930769     1.292841 0.0093104634
     5.59375   0.23472552  -0.10248474    1.2347313  -0.10248096
    5.609375   0.34510797 -0.00055223808     1.345113 -0.00053883065
       5.625    0.5019412  -0.11926589    1.5019339    -0.119261
    5.640625   0.59797525 -0.065858901    1.5979745 -0.065853283
     5.65625   0.50064516 -0.024813775    1.5006469 -0.024814088
    5.671875   0.50406486 -0.060696155    1.5040648  -0.06070707
      5.6875   0.29716834 -0.018455483    1.2971642 -0.018445699
    5.703125   0.26179117  -0.23158038    1.2617897  -0.23158234
     5.71875   0.42696211   -0.1672278    1.4269526  -0.16721982
    5.734375   0.50602978   0.03075563    1.5060389    0.0307659
        5.75   0.35529825 -0.0099997455    1.3553014 -0.0099911215
    5.765625    0.3160466  -0.19633789    1.3160369  -0.19630681
     5.78125   0.21949399  -0.15791823     1.219509  -0.15789878
    5.796875   0.17011538  -0.11343893    1.1701138  -0.11346578
      5.8125   0.24725433  -0.36252901    1.2472757  -0.36254987
    5.828125   0.38698292  -0.19048762    1.3869735  -0.19048332
     5.84375   0.43310165  -0.22030333    1.4331048  -0.22032957
    5.859375   0.42209253  -0.18692447    1.4220911  -0.18692479
       5.875   0.48553073  -0.10442135    1.4855219  -0.10442091
    5.890625   0.37198552  -0.10035003    1.3720065  -0.10035039
     5.90625   0.31910715  -0.27760383    1.3190961  -0.27758455
    5.921875   0.52005374  -0.24453767    1.5200495  -0.24452591
      5.9375   0.20114729  -0.10306156    1.2011492  -0.10306251
    5.953125   0.43005371  0.030491987    1.4300601  0.030498177
     5.96875   0.25780302  0.090923041      1.25781  0.090939991
    5.984375  0.038262468 -0.095547058    1.0382886 -0.095556088
           6   0.33073559  -0.32955688    1.3307723   -0.3295593
    6.015625   0.37547871  -0.21403551    1.3754952  -0.21404408
     6.03125    0.4010143  -0.24096531    1.4010164  -0.24099843
    6.046875   0.36621094  -0.29937774    1.3662212  -0.29940563
      6.0625   0.45631841 -0.047907557    1.4563011 -0.047886096
    6.078125   0.51806355  0.018433386    1.5180582  0.018470969
     6.09375   0.34957293  -0.22924097    1.3495837  -0.22921173
    6.109375    0.2683329  -0.32779691    1.2683545  -0.32779846
       6.125  -0.10261665   -0.2487281   0.89736605   -0.2487487
    6.140625  -0.15784718  -0.11789215    0.8421694  -0.11789007
     6.15625   0.54600817 -0.033888966    1.5460007 -0.033910047
    6.171875   0.63084406  -0.27783313    1.6308522    -0.277816
      6.1875   0.33410522  -0.41610274    1.3341098  -0.41611826
    6.203125   0.28191063  -0.31701437    1.2819259  -0.31701484
     6.21875   0.24190043  -0.36148688    1.2419214   -0.3614774
    6.234375   0.18008992  -0.29298216    1.1800727   -0.2929928
        6.25   0.35394156  -0.13509192    1.3539526  -0.13508593
    6.265625   0.32482633 -0.058453161    1.3248491 -0.058461785
     6.28125   0.43167195   0.11843911    1.4316972   0.11844846
    6.296875   0.29800501 -0.086074702    1.2980152 -0.086046942
      6.3125   0.18081471  -0.30899507    1.1808194  -0.30901849
    6.328125  0.085998021   -0.2972061    1.0860001  -0.29718155
     6.34375   -0.1242907  -0.36598715   0.87572914  -0.36597285
    6.359375    0.2786302  -0.12225182    1.2786473  -0.12225912
       6.375   0.13526706  0.054333705    1.1352783  0.054346785
    6.390625 -0.087953404  0.025926223   0.91202432  0.025904153
     6.40625   0.18615666  -0.11476757    1.1861333  -0.11473975
    6.421875   0.23400882 -0.036573853    1.2340336 -0.036582109
      6.4375    0.2313392 -0.083194986    1.2313499 -0.083181523
    6.453125   0.49677572   -0.2921164    1.4967593  -0.29216087
     6.46875   0.44354025  -0.38036084    1.4435247  -0.38036683
    6.484375   0.32279262  -0.26718271    1.3228099  -0.26719639
         6.5   0.20454141 -0.036607403    1.2045789 -0.036625791
    6.515625   0.21431617  -0.13420956    1.2143348  -0.13417105
     6.53125    0.3655709   0.13302113    1.3655542   0.13303941
    6.546875   0.51097542   0.13593349    1.5109315   0.13594264
      6.5625    0.1006835 -0.073947467    1.1006633 -0.073923633
    6.578125   0.25669625  0.026757481    1.2567102  0.026743101
     6.59375   0.25556111 -0.032212108    1.2555599 -0.032245271
    6.609375   0.11361483  -0.41675428    1.1136458  -0.41675621
       6.625 0.0073233251  -0.33051515    1.0073856   -0.3304995
    6.640625  -0.13068658  -0.16379315   0.86934865  -0.16378571
     6.65625  0.070043109  -0.13238883    1.0700591  -0.13241808
    6.671875   -0.1119855  -0.37983885   0.88802481  -0.37985194
      6.6875 -0.032977689  -0.27276346   0.96701735  -0.27276599
    6.703125  -0.27143863  -0.20958729   0.72850478  -0.20953263
     6.71875  -0.20178929  -0.28997797   0.79819369  -0.28997716
    6.734375  -0.32666922  0.082482137    0.6733858  0.082535341
        6.75   0.23810382  0.031030193    1.2380964  0.031004554
    6.765625    0.2104656  -0.29949543    1.2104483  -0.29950079
     6.78125  0.070401601  -0.37988079    1.0703832  -0.37988216
    6.796875   0.09902899  -0.34145129    1.0990856  -0.34146935
      6.8125     0.269456  -0.42812091    1.2694725  -0.42815733
    6.828125   0.39916682  -0.36056027    1.3991728  -0.36052233
     6.84375   0.48629883  -0.24035503    1.4863102  -0.24031606
    6.859375   0.40586028  -0.55435538    1.4058994  -0.55436426
       6.875   0.18860251  -0.35535204    1.1885642   -0.3554453
    6.890625   0.14049818  -0.18978985    1.1405374  -0.18979299
     6.90625    0.6523369  -0.22136933    1.6523787  -0.22133604
    6.921875   0.53345662  -0.52474576    1.5335582  -0.52478123
      6.9375   0.11741374  -0.40024984    1.1174172  -0.40029112
    6.953125    0.0393763  -0.13451895    1.0394548  -0.13451326
     6.96875   0.12912862  -0.29346019    1.1291583   -0.2935378
    6.984375    0.2515997  -0.39909485    1.2516439  -0.39909634
           7 -0.083347075  -0.18693312   0.91665131  -0.18695763
    7.015625   0.30673808   0.31997949      1.30672   0.32003507
     7.03125   0.15538679   0.46067449    1.1553593   0.46075505
    7.046875   0.24664026  -0.10723753    1.2466459  -0.10724015
      7.0625   0.42866096  -0.20200397     1.428703  -0.20198396
    7.078125    0.3725296  -0.41896489    1.3724955  -0.41898122
     7.09375   0.46267658  -0.33098093    1.4626667  -0.33096248
    7.109375      0.60775  -0.14106439    1.6076736  -0.14106107
       7.125   0.28069544  -0.24003124    1.2808108   -0.2400078
    7.140625 -0.029707946  -0.23412171   0.97026396  -0.23410046
     7.15625  0.043562453 -0.050511137    1.0435393 -0.050572108
    7.171875   0.36792991 -0.098110624    1.3679326 -0.098152526
      7.1875   0.51979607  -0.26126441    1.5198256  -0.26124352
    7.203125   0.36486223  -0.58558232      1.36481  -0.58557355
     7.21875  0.046508119   -0.5251084    1.0465455  -0.52511781
    7.234375  -0.21100996  -0.75887138   0.78895706  -0.75884974
        7.25  -0.18182878   -0.5167715   0.81821632  -0.51670778
    7.265625  0.082782701  -0.38441861    1.0828469  -0.38434315
     7.28125 -0.013781779  -0.46973738   0.98628646   -0.4696824
    7.296875  0.062955767  -0.35526887    1.0629733  -0.35528404
      7.3125   0.13003719  -0.40414092    1.1299474  -0.40421566
    7.328125     0.320371  -0.51583183    1.3204612  -0.51585382
     7.34375   0.40935606  -0.12905349    1.4094076  -0.12907073
    7.359375   0.47047153  0.072471268    1.4704387  0.072450563
       7.375   0.41744548    -0.219055    1.4174258  -0.21908285
    7.390625   0.39838809  -0.24702352    1.3982549  -0.24702856
     7.40625   0.15563984  -0.18138954    1.1556263  -0.18135147
    7.421875 -0.097183958 -0.0047238437   0.90287077 -0.0046673473
      7.4375 -0.034504905  -0.23453335   0.96544534  -0.23453912
    7.453125   0.21264394  -0.43682626    1.2126044  -0.43693233
     7.46875   0.21219917   -0.2514092    1.2122759  -0.25146386
    7.484375  0.084036611  -0.17526469    1.0841573  -0.17519283
         7.5  0.033488654  -0.11971299    1.0335598  -0.11960172
    7.515625 -0.033359349  -0.19827461   0.96665245  -0.19828101
     7.53125  -0.15513535  -0.34572199   0.84480876  -0.34565374
    7.546875 -0.068822727  -0.23581214   0.93125761  -0.23572226
      7.5625  0.089457855  -0.42076048    1.0894718  -0.42068318
    7.578125   0.25214016  -0.27640933    1.2520748  -0.27639014
     7.59375   0.46721715  -0.13893566    1.4670933  -0.13893136
    7.609375   0.39796865  -0.12704079    1.3979567  -0.12691438
       7.625  -0.31028795  0.070042498   0.68964291  0.070116587
    7.640625  -0.28001252 -0.078772262   0.71996957 -0.078779541
     7.65625 -0.098676227  -0.11017285   0.90130758  -0.11027595
    7.671875 -0.093803301  -0.13767371   0.90628433   -0.1376189
      7.6875  0.022912117 -0.0055950996    1.0228343 -0.0056929388
    7.703125   0.23542377  -0.28929454    1.2352142  -0.28927639
     7.71875   0.18287744    -0.303507    1.1827986  -0.30347976
    7.734375   0.33834654  -0.33824754    1.3384262  -0.33806959
        7.75   0.41516212   0.22614738    1.4153875   0.22627112
    7.765625   0.39476973   0.24626066    1.3948377   0.24616599
     7.78125   0.16662122  0.020345103    1.1665107  0.020549439
    7.796875  -0.36362958  -0.25657025   0.63626164  -0.25649604
      7.8125  -0.38848412    0.0467095   0.61141372  0.046572097
    7.828125  0.058706164   0.15025529    1.0585176   0.15011381
     7.84375   -0.2312564   -0.1843659   0.76869959  -0.18444361
    7.859375   0.22101122  0.078580618    1.2210271  0.078403592
       7.875   0.13387729   0.90584803    1.1341178   0.90577799
    7.890625  0.052456718   0.89249474    1.0526347   0.89250755
     7.90625    0.1353773  -0.22528303    1.1353613   -0.2254864
    7.921875   0.31375939  -0.34602934    1.3138602  -0.34601137
      7.9375 -0.023132274    0.4666242   0.97681201   0.46674642
    7.953125  -0.19028811   0.66955352   0.80976582   0.66946894
     7.96875  0.084051058  -0.29768699    1.0840075  -0.29779625
    7.984375   0.89890558  -0.23119955    1.8988943  -0.23105387
           8   0.16444618  -0.57148474    1.1644047   -0.5712682
    8.015625   0.22807615  -0.16659406    1.2278522  -0.16654915
     8.03125   0.40576622   -0.3780562    1.4056424  -0.37820289
    8.046875   0.53084368   0.12514167    1.5306298   0.12505792
      8.0625   0.38268945   0.34735736    1.3826839   0.34721678
    8.078125   0.25831157   0.10589312    1.2582796   0.10579746
     8.09375   0.61821848   0.39225632     1.618288   0.39234483
    8.109375   0.36673072   0.75562787    1.3666466   0.75560582
       8.125  -0.49717122   0.55603307   0.50296682   0.55607575
    8.140625   -0.7007159   0.48737243   0.29905897   0.48722854
     8.15625  -0.38598841    0.5389809    0.6143645   0.53906125
    8.171875   -1.2368592   0.10429041  -0.23657048   0.10476865
      8.1875  -0.80524951  -0.27199751   0.19417524  -0.27192888
    8.203125  -0.18458688   0.36190376   0.81541282   0.36180994
     8.21875   0.40856332  0.080588661    1.4085735  0.080700934
    8.234375  -0.47551572  -0.13541837   0.52462697  -0.13535284
        8.25 -0.046596188  -0.52348834    0.9535026  -0.52314442
    8.265625  -0.20990977 -0.0017971682   0.78987348 -0.002165549
     8.28125  -0.53492218   0.13049872   0.46505579   0.13072462
    8.296875  -0.51300949  -0.48659977   0.48718491  -0.48637876
      8.3125  -0.11992956  -0.64203393   0.88008279   -0.6415624
    8.328125   0.30959526   0.17412944    1.3093876   0.17394902
     8.34375  -0.17106548  -0.31704643   0.82861722  -0.31678316
    8.359375  -0.27519405 -0.029790372   0.72497547 -0.029781016
       8.375  -0.49578875   0.41594493   0.50433135   0.41604432
    8.390625  -0.53137982 -0.025196642   0.46841082 -0.025507312
     8.40625 -0.060694743  -0.24736178   0.93910915  -0.24742417
    8.421875  0.022045437  0.093549445    1.0217568  0.093644857
      8.4375  -0.78917235 -0.091928892   0.21101682 -0.091949731
    8.453125  -0.19271658  -0.38124797    0.8074137  -0.38114417
     8.46875   0.39974523   0.25054547     1.399691   0.25030813
    8.484375   0.13599582   0.46331334    1.1360258   0.46333629
         8.5   0.23377581   0.18680188    1.2336712   0.18689559
    8.515625   0.83192652  -0.42054623    1.8317713  -0.42026934
     8.53125   0.22362828  -0.35828075    1.2238203  -0.35793525
    8.546875  -0.41675273  -0.18894625   0.58316392  -0.18904938
      8.5625  -0.47824976  0.037667669   0.52178127   0.03777317
    8.578125  -0.13391986  -0.15089141   0.86641389  -0.15058722
     8.59375 -0.018962294  -0.50214493   0.98138803  -0.50265187
    8.609375  0.081030451 -0.015502664    1.0809956 -0.015214624
       8.625  -0.37423998  -0.44707203   0.62555707  -0.44703859
    8.640625   -0.1119064  0.017442996   0.88830674  0.017272111
     8.65625   0.65939993   0.15104173    1.6595668   0.15124056
    8.671875   0.39122087   0.28944603    1.3913497     0.289579
      8.6875  -0.26468742   0.31222656   0.73558277   0.31165963
    8.703125  -0.34097576    0.5834884   0.65908229   0.58316213
     8.71875  -0.10473821   0.49699375   0.89541447   0.49697804
    8.734375  -0.52596927   0.84950697    0.4743731    0.8497315
        8.75  -0.53397429   0.33714849   0.46615362   0.33796254
    8.765625  -0.69648671 -0.056883752   0.30344322 -0.056867447
     8.78125  -0.75271785  -0.10530087    0.2472814  -0.10517828
    8.796875   0.03721733   0.86590749    1.0371488   0.86632264
      8.8125   0.30717432    0.5216707    1.3071618   0.52176219
    8.828125  -0.70422637  -0.13045055   0.29600701  -0.13045493
     8.84375 -0.075770065  -0.22422796   0.92420775  -0.22460125
    8.859375   0.26612002  -0.37270057    1.2660159  -0.37268054
       8.875    0.2571511 -0.0092506651    1.2572743 -0.0090790996
    8.890625   0.24414521  -0.50828964    1.2437541  -0.50818849
     8.90625  -0.41676092  -0.63797402   0.58353716  -0.63768154
    8.921875   0.25220382   -1.2043301    1.2523025   -1.2040837
      8.9375  -0.26442805  -0.58987343   0.73599368  -0.58971161
    8.953125  -0.34117633   0.19168882   0.65808457   0.19204439
     8.96875    1.3766414  0.007613597    2.3769004 0.0074782767
    8.984375     1.413815   0.95776176    2.4135625   0.95746475
           9   0.23276901     2.443547    1.2329904    2.4437337
    9.015625      1.16201   0.22164822     2.162627   0.22160822
     9.03125 -0.040487509  -0.82100368   0.95957774  -0.82130831
    9.046875   -1.0941468   -1.1002606 -0.094314069   -1.0998188
      9.0625    1.0301068   0.39347795    2.0294473    0.3934131
    9.078125  -0.55995399  -0.70327097     0.439659  -0.70335919
     9.09375  -0.78585023  -0.36299175    0.2144019  -0.36310178
    9.109375  -0.21603078  -0.60422069   0.78386587   -0.6042062
       9.125  -0.59751248  -0.36293247   0.40196335  -0.36310384
    9.140625  -0.40460312   -1.0814922   0.59528565   -1.0816461
     9.15625  -0.46182436   -0.8126241   0.53763509  -0.81301731
    9.171875   0.65144932  -0.48507315    1.6510799  -0.48549053
      9.1875   -0.1006545 0.0081529561     0.898332 0.0081982519
    9.203125  -0.21840826  -0.16736667    0.7810393   -0.1667576
     9.21875 -0.013312957   0.45283708   0.98616666   0.45375767
    9.234375   0.11333323  -0.47253078    1.1128113   -0.4728902
        9.25  0.031430546  -0.19241008    1.0316314  -0.19281188
    9.265625   0.21712758  -0.24321869    1.2174515  -0.24252772
     9.28125 -0.018726492   -1.1792737   0.98148245   -1.1802863
    9.296875 -0.089621127   -1.0534798   0.91010636   -1.0532343
      9.3125   0.93090159   0.45494142    1.9315864   0.45426461
    9.328125    1.5299569   0.87917292     2.530699   0.87970978
     9.34375   0.25326222 -0.073940553    1.2534328 -0.073648237
    9.359375   0.35826495    1.4091225    1.3581471    1.4094852
       9.375  -0.69036341    1.0334451   0.30946368    1.0336188
    9.390625   0.46173123   0.17651056    1.4614245   0.17613053
     9.40625   0.42283416   0.58325827    1.4226053   0.58353037
    9.421875  -0.29705453  -0.34892288   0.70314795  -0.34916717
      9.4375  -0.19467302   -1.0666356   0.80497807   -1.0668951
    9.453125   0.83057076   -1.2107848     1.829772   -1.2115571
     9.46875   0.82265139   0.40351045    1.8225641   0.40389848
    9.484375  -0.94181395  -0.64341021  0.058032379  -0.64342177
         9.5   -1.0142049    0.6192441 -0.014492738   0.61960232
    9.515625    -0.345691    1.5000671   0.65495586    1.5000165
     9.53125   0.60491115   0.50423288    1.6035689   0.50380558
    9.546875   0.24762554   0.84915525    1.2470398   0.84917444
      9.5625  -0.13610691   0.60203022   0.86512595   0.60162705
    9.578125   0.61044031   0.22276671    1.6103016   0.22261348
     9.59375   0.78196681 -0.093514241    1.7813531 -0.093317263
    9.609375  -0.47832236  0.059748966   0.52118987  0.059610922
       9.625  -0.91441852    1.0644059  0.084922865    1.0647514
    9.640625  -0.34996828   0.95224303   0.64891875   0.95267236
     9.65625  -0.81382835    1.8240594   0.18658414    1.8233157
    9.671875  -0.74379992    1.0074266   0.25645405    1.0062766
      9.6875  -0.27284971   0.96080738   0.72650748    0.9587118
    9.703125   0.96331805    1.2389556    1.9634659    1.2380569
     9.71875   0.40951553    1.7172877    1.4096051    1.7168605
    9.734375   0.63087869    1.6396395    1.6302199    1.6398588
        9.75   0.85908735    1.1504413     1.858958    1.1498616
    9.765625    1.1239692   0.19910121    2.1249185   0.20000498
     9.78125   -0.7795037    0.2648654   0.22130163   0.26494268
    9.796875   -1.9283864    1.5122888  -0.92893863    1.5132471
      9.8125   -1.9758806   0.70616686  -0.97529525   0.70632613
    9.828125   -1.2936544   -1.3454683  -0.29451507    -1.345656
     9.84375  -0.42203081  -0.81589419   0.57755286  -0.81591898
    9.859375   0.10797656  -0.51523614    1.1086627  -0.51416165
       9.875    0.3464002   -1.3329346    1.3473291     -1.33284
    9.890625   0.15262872  -0.25117201    1.1540744  -0.25047097
     9.90625    1.0735965   0.73623538    2.0751462   0.73548341
    9.921875  -0.69096321   -1.4069302   0.30797496   -1.4075097
      9.9375    0.4585425   -2.4042845    1.4577971   -2.4063678
    9.953125    1.5062492   -2.9068651    2.5059731    -2.907563
     9.96875   0.89795297   -2.1597455     1.897856   -2.1597228
    9.984375   0.46070361   -1.1972646    1.4609308   -1.1970276
          10     1.247099  -0.82112795    2.2473755  -0.82208228