           0   0.76314074   0.11457515
     0.03125   0.66830337  0.003766286
      0.0625   0.99340087   0.63232732
     0.09375   0.99327379   0.75837851
       0.125   0.98131818   0.76204026
     0.15625   0.96845669   0.84155089
      0.1875   0.96829361    0.9080568
     0.21875   0.95463008   0.90724671
        0.25   0.85190928   0.78269482
     0.28125   0.86008775   0.84062159
      0.3125   0.85703385   0.88665408
     0.34375   0.78130949   0.88075227
       0.375   0.84631884   0.93994612
     0.40625   0.73252255   0.93861026
      0.4375   0.60921061   0.89364159
     0.46875   0.80122453   0.86982858
         0.5    0.8400417   0.81454903
     0.53125   0.78819615   0.82841873
      0.5625   0.78555435   0.89832032
     0.59375   0.83251083   0.94599873
       0.625   0.90088689   0.97000617
     0.65625   0.91237265   0.97180265
      0.6875   0.89376915   0.96958935
     0.71875   0.87609857   0.96728313
        0.75    0.8457579     0.958022
     0.78125    0.8420217   0.95788282
      0.8125   0.80073601   0.94892788
     0.84375   0.76394951   0.93765414
       0.875   0.70724541   0.90955365
     0.90625   0.48911896   0.82160062
      0.9375   0.37823409     0.769256
     0.96875   0.43050441   0.77244562
           1   0.62328881   0.72994053
     1.03125   0.66698074   0.67421299
      1.0625   0.55065638   0.65515709
     1.09375   0.44356278   0.73132032
       1.125   0.55695099   0.87902993
     1.15625   0.46977225   0.90234947
      1.1875   0.42912567   0.91524529
     1.21875   0.40924776   0.91552263
        1.25   0.47113413   0.93232512
     1.28125   0.33362561   0.92892265
      1.3125   0.28725392   0.92471528
     1.34375    0.5194037     0.945723
       1.375   0.59327948   0.95932478
     1.40625   0.55379957    0.9627499
      1.4375    0.5577814   0.96767133
     1.46875   0.59187508    0.9727484
         1.5   0.56720859   0.97428954
     1.53125   0.58277482   0.97879469
      1.5625   0.55512065   0.97901058
     1.59375   0.58665448   0.98337102
       1.625   0.49811575   0.98325467
     1.65625   0.50802839   0.98686945
      1.6875   0.59060788   0.98716748
     1.71875   0.48132995   0.98590672
        1.75    0.3825753   0.98401582
     1.78125   0.23551664   0.98081273
      1.8125   0.15662822   0.98111123
     1.84375   0.09570206   0.97729033
       1.875   0.12644427   0.97629839
     1.90625   0.25046113   0.97951591
      1.9375   0.16901563   0.98317188
     1.96875    0.1372273   0.97589779
           2    0.1093037   0.96730113
     2.03125   0.15420707   0.96649677
      2.0625   0.17735393   0.96556216
     2.09375    0.1727131   0.95684361
       2.125   0.13641766   0.94413972
     2.15625   0.17284834   0.87709481
      2.1875  0.099317342   0.79585153
     2.21875  0.084129632   0.88472927
        2.25   0.25625095   0.92426199
     2.28125   0.27424723   0.93097138
      2.3125   0.19755697   0.92492723
     2.34375   0.27474272   0.90104294
       2.375   0.29333523   0.86025518
     2.40625   0.35071597   0.82752645
      2.4375   0.33353305   0.79422754
     2.46875   0.37457857   0.79245442
         2.5   0.41980186   0.74777561
     2.53125   0.56784981   0.79789227
      2.5625   0.50868607   0.74266946
     2.59375   0.49098647   0.71294284
       2.625   0.49298188   0.77424616
     2.65625   0.54228342    0.8793152
      2.6875   0.62504476   0.93609291
     2.71875   0.53287387   0.93873423
        2.75   0.54266322   0.93884218
     2.78125   0.69020867   0.96529239
      2.8125   0.78462833   0.97805697
     2.84375   0.74710178   0.97330093
       2.875   0.77591336   0.97611642
     2.90625   0.82756895    0.9812938
      2.9375   0.83431035   0.98240334
     2.96875    0.8259269   0.98063338
           3   0.77913904   0.97288162
     3.03125    0.7691043   0.96506792
      3.0625   0.74694562   0.96161109
     3.09375   0.78002888   0.97069484
       3.125   0.78122151   0.97276855
     3.15625   0.72614151    0.9642114
      3.1875   0.69383913   0.95764852
     3.21875   0.61402124   0.95169008
        3.25     0.475844   0.93739104
     3.28125   0.42105514   0.92241722
      3.3125   0.30407679   0.87757361
     3.34375   0.24386306   0.84713691
       3.375  0.094524235   0.71428287
     3.40625  0.013135417   0.42702869
      3.4375  0.017540073   0.32563552
     3.46875  0.016117075   0.35681421
         3.5  0.065859973   0.54646397
     3.53125  0.064949319   0.55890948
      3.5625   0.03241647   0.56851846
     3.59375  0.040441591    0.6643253
       3.625  0.047904313   0.76330709
     3.65625  0.048111834   0.71624219
      3.6875  0.023873491   0.69960052
     3.71875  0.018074568   0.78297806
        3.75  0.050526485   0.80076706
     3.78125  0.038941655   0.80572534
      3.8125  0.054056305   0.86705679
     3.84375   0.16004878    0.8816008
       3.875   0.12459947   0.85267043
     3.90625   0.15879029   0.88146651
      3.9375    0.1854105    0.8950339
     3.96875   0.13190146   0.88239348
           4   0.11105772    0.8624832
     4.03125  0.096255027   0.87502009
      4.0625   0.13715237   0.88906097
     4.09375   0.23362975   0.91091555
       4.125   0.17485848    0.8846063
     4.15625   0.13310006   0.87365377
      4.1875   0.25330737    0.9064514
     4.21875   0.27936971   0.90960461
        4.25   0.21281204   0.90979791
     4.28125  0.061367534   0.89424586
      4.3125  0.037285265    0.8762542
     4.34375  0.085637137   0.91042954
       4.375   0.24481897    0.9108234
     4.40625   0.12209032    0.8768236
      4.4375  0.056735281   0.85895014
     4.46875   0.13668336   0.86422318
         4.5   0.14097443   0.88732445
     4.53125  0.099142484   0.89682609
      4.5625   0.07836654   0.90328234
     4.59375  0.031315379   0.89862108
       4.625  0.090352342   0.90561455
     4.65625   0.15049689    0.9185878
      4.6875  0.084457122   0.88436657
     4.71875  0.034636501   0.84229457
        4.75   0.11368836   0.89565516
     4.78125   0.12867096   0.91800714
      4.8125    0.1019989   0.89229977
     4.84375   0.10117973   0.87719935
       4.875   0.14171071   0.89639515
     4.90625   0.12188384   0.89159536
      4.9375    0.2065675   0.90724206
     4.96875   0.22766356   0.91890138
           5     0.170782   0.91867709
     5.03125  0.056206662   0.89867914
      5.0625   0.05099006   0.88714147
     5.09375  0.073109038   0.90366709
       5.125   0.13103655   0.89883113
     5.15625   0.17638819   0.90485805
      5.1875    0.1400269   0.90033484
     5.21875   0.19399184   0.92372566
        5.25   0.21670958   0.93030751
     5.28125  0.082991853   0.91110563
      5.3125  0.091923088   0.91849416
     5.34375   0.11407806   0.92343265
       5.375   0.12253336   0.90473461
     5.40625  0.095458597   0.84486598
      5.4375  0.090014756   0.85678005
     5.46875  0.076541558   0.84450436
         5.5   0.07409478   0.89939946
     5.53125  0.056497425   0.89943773
      5.5625  0.040590752   0.89959228
     5.59375  0.077038638   0.91118467
       5.625  0.083630487   0.89747804
     5.65625  0.079694167   0.91525733
      5.6875  0.038690943   0.89336538
     5.71875  0.096509308   0.90321302
        5.75  0.067751892   0.90393466
     5.78125   0.11845925   0.88678575
      5.8125  0.057738278   0.88230067
     5.84375  0.055253029   0.89604956
       5.875  0.013992525   0.86685485
     5.90625  0.057274625   0.87102145
      5.9375    0.1308475   0.88570356
     5.96875   0.14319094   0.87449801
           6  0.064878121   0.86753678
     6.03125  0.099447265   0.85063136
      6.0625   0.13117343   0.87483501
     6.09375  0.069290802   0.86582917
       6.125  0.058027495   0.88045245
     6.15625  0.016863029   0.86729765
      6.1875  0.038432825   0.83354342
     6.21875  0.038750436   0.79287314
        6.25  0.021823477   0.82453406
     6.28125 0.0063662529   0.85945719
      6.3125  0.016678188   0.80136001
     6.34375  0.017444655   0.82443702
       6.375  0.036133789   0.86959463
     6.40625  0.072160207   0.80973893
      6.4375  0.050381172   0.83499324
     6.46875  0.009042046   0.83948177
         6.5 0.0086893747   0.84178942
     6.53125  0.027060447   0.77974302
      6.5625  0.033330157   0.76610237
     6.59375  0.015460583   0.80312258
       6.625  0.043677479   0.80794173
     6.65625  0.038753305   0.82286668
      6.6875  0.013529917   0.76691389
     6.71875  0.017122097   0.72703516
        6.75  0.041005045   0.65010774
     6.78125 0.0087853782   0.72476071
      6.8125  0.041564681   0.73592073
     6.84375  0.027975122   0.70860487
       6.875  0.058691606   0.64304066
     6.90625  0.065207414   0.62581211
      6.9375  0.028334811   0.57305098
     6.96875  0.049347002   0.64465851
           7  0.044188846   0.70259339
     7.03125 0.0035875628   0.61176002
      7.0625 0.0054660458   0.57969648
     7.09375 0.0064453264   0.63393492
       7.125   0.01461277   0.60186446
     7.15625  0.041130234   0.63962895
      7.1875  0.027629089   0.61526084
     7.21875 0.0038925582   0.63853627
        7.25   0.02189528   0.73835027
     7.28125 0.0096650179   0.75168568
      7.3125 0.00095084886   0.67611283
     7.34375 0.0034486044   0.67496258
       7.375  0.025123309   0.68181676
     7.40625  0.017559037   0.68392801
      7.4375   0.01060266    0.5838961
     7.46875 0.0049407114    0.5459922
         7.5  0.019632138   0.63728756
     7.53125   0.03811267   0.66447896
      7.5625  0.030505313   0.56091392
     7.59375 0.0048783817   0.57205606
       7.625 0.00066498213   0.60797572
     7.65625 0.0078231161   0.65199947
      7.6875  0.065506838   0.53469056
     7.71875  0.017019447   0.40518719
        7.75   0.02831443    0.4516376
     7.78125  0.013610166    0.3743284
      7.8125  0.018756557   0.38557652
     7.84375  0.021456692   0.35729966
       7.875 0.00054373138   0.27072278
     7.90625 0.0093108267   0.31300822
      7.9375 0.0088103963   0.36668578
     7.96875  0.017158229   0.25848785
           8  0.013817579   0.25967807
     8.03125  0.050820097   0.23576838
      8.0625  0.022711245     0.255557
     8.09375  0.042612921   0.16209309
       8.125 0.0098943701   0.26147041
     8.15625 0.0047803614   0.37300447
      8.1875  0.010514839   0.30586874
     8.21875  0.026749175   0.36972621
        8.25  0.016659489   0.43022147
     8.28125 0.0037828994   0.28957045
      8.3125 0.0071348734   0.28748414
     8.34375 0.0020874736   0.27294412
       8.375  0.010127185   0.29162374
     8.40625  0.037758261   0.37329441
      8.4375  0.015909882   0.11028749
     8.46875  0.048802603  0.057022449
         8.5   0.01238786   0.12527755
     8.53125  0.044056349  0.083996594
      8.5625  0.029249957  0.093459316
     8.59375  0.010308746   0.20086139
       8.625 0.0050777518   0.15015985
     8.65625  0.041702349   0.17972906
      8.6875  0.029913194   0.15536529
     8.71875  0.010258398   0.13982755
        8.75  0.040771145   0.23243563
     8.78125  0.021818222   0.17700876
      8.8125  0.025152136  0.080186553
     8.84375  0.043882333  0.061305773
       8.875  0.073393621  0.047297232
     8.90625  0.048641182  0.024555119
      8.9375  0.022705982  0.080525935
     8.96875 0.00082700449  0.078626499
           9  0.019231958  0.026552847
     9.03125  0.014211592  0.029592834
      9.0625   0.01301406  0.090105765
     9.09375  0.016329622  0.034934059
       9.125  0.030314773  0.036871433
     9.15625  0.013267888  0.054406043
      9.1875 0.0063599884  0.024234608
     9.21875   0.01188302   0.10929671
        9.25 0.0018248255  0.079336025
     9.28125  0.045595907  0.073079377
      9.3125  0.030339787  0.093852863
     9.34375  0.020795058   0.11020805
       9.375 0.0032303776  0.086643077
     9.40625 0.0050723376  0.053509247
      9.4375 0.0039800145  0.033928618
     9.46875  0.003179539  0.030575052
         9.5  0.013784556  0.038838614
     9.53125  0.030427225   0.04046832
      9.5625  0.012582575  0.014727738
     9.59375  0.011180702  0.072026677
       9.625  0.047360182   0.14822222
     9.65625  0.043295886   0.12085456
      9.6875  0.013220464  0.075806238
     9.71875  0.022335203  0.093284659
        9.75  0.051449031   0.12933742
     9.78125  0.051662531   0.10835821
      9.8125  0.030827327  0.018198274
     9.84375  0.035196569 0.0083982553
       9.875  0.087753884  0.036359776
     9.90625 0.0037720941  0.011433236
      9.9375  0.042177431    0.1043171
     9.96875  0.036404893 0.0035123222
          10  0.079855792  0.018164661