           0   0.57333028   0.11446504
    0.015625   0.54778534   0.13255993
     0.03125  0.012176786  0.011460205
    0.046875    0.1342037   0.14198436
      0.0625  0.084157653  0.073889941
    0.078125   0.08859463  0.090154774
     0.09375  0.020214031  0.040733941
    0.109375  0.058479171  0.065235898
       0.125   0.16632566  0.026078632
    0.140625     0.675735   0.14829455
     0.15625   0.73742688   0.19033486
    0.171875   0.65867341   0.15392403
      0.1875   0.71533471    0.1211753
    0.203125   0.69318783   0.11576896
     0.21875   0.54696018   0.22270335
    0.234375   0.57864863   0.22861306
        0.25    0.6468637   0.12796715
    0.265625   0.69428211   0.20429911
     0.28125   0.75488341   0.33638141
    0.296875   0.68578595   0.37476003
      0.3125   0.73523241   0.53328985
    0.328125   0.73765594   0.39327559
     0.34375   0.80874133   0.52577817
    0.359375   0.80086911   0.56571645
       0.375    0.7289654   0.50390714
    0.390625   0.81709397   0.65395808
     0.40625   0.79774773   0.57302231
    0.421875   0.78264892   0.60224104
      0.4375   0.74269664   0.57214737
    0.453125   0.75613517   0.59119111
     0.46875   0.66375357   0.59002817
    0.484375   0.63359725   0.56656539
         0.5   0.54993516   0.39136219
    0.515625   0.76746196     0.650262
     0.53125   0.91458893   0.85907936
    0.546875   0.87230188   0.85397214
      0.5625   0.81526178   0.74749362
    0.578125   0.60390991   0.57185507
     0.59375   0.52826977   0.60235804
    0.609375   0.63628083   0.46150035
       0.625   0.58414847   0.32738188
    0.640625   0.60655689   0.47868758
     0.65625   0.74126011   0.71398365
    0.671875   0.59872741   0.71601468
      0.6875   0.37474504   0.51097023
    0.703125   0.31740189   0.45860568
     0.71875   0.47095424   0.54113019
    0.734375   0.44017652   0.50999749
        0.75   0.35584334   0.42738652
    0.765625   0.42683813   0.42791149
     0.78125   0.35360947   0.42404634
    0.796875   0.34392327   0.50010175
      0.8125   0.20733443   0.70110005
    0.828125   0.33743405   0.62508249
     0.84375   0.56616598    0.7534402
    0.859375   0.66320676   0.84208632
       0.875   0.74996722   0.86700809
    0.890625   0.78393579   0.90894496
     0.90625   0.76165599   0.86579233
    0.921875   0.75412667   0.86197084
      0.9375    0.7388162   0.82546544
    0.953125   0.78452706   0.71545833
     0.96875    0.6255219   0.50165945
    0.984375   0.51842183   0.29312035
           1   0.62136447   0.23875682
    1.015625   0.63136429   0.45773026
     1.03125   0.56670111   0.54497164
    1.046875   0.58798319   0.23443452
      1.0625   0.52248442  0.084765837
    1.078125   0.43371105   0.22181767
     1.09375    0.6741789   0.54866123
    1.109375   0.86316407   0.76564813
       1.125   0.82794303   0.75401276
    1.140625   0.86360145   0.84568077
     1.15625   0.92592078    0.9278152
    1.171875   0.94412297   0.94540256
      1.1875   0.95250434   0.96232867
    1.203125   0.95509022   0.96926218
     1.21875   0.94300407    0.9653734
    1.234375    0.9651863   0.97968429
        1.25   0.96608651    0.9801212
    1.265625   0.94321722   0.97034323
     1.28125   0.93103582   0.96799952
    1.296875   0.96690714   0.98441029
      1.3125   0.95713854   0.98141772
    1.328125   0.93854135   0.97335654
     1.34375   0.91888481   0.96203452
    1.359375   0.92190981   0.96156561
       1.375   0.91694486   0.96184933
    1.390625   0.90937495   0.96197581
     1.40625   0.87740099   0.93830979
    1.421875   0.81899852   0.91011494
      1.4375   0.85877538   0.94393295
    1.453125    0.8947466   0.96302611
     1.46875   0.87280613   0.94849586
    1.484375   0.84819663   0.94116545
         1.5   0.79146594   0.91833049
    1.515625   0.78972894   0.90071231
     1.53125   0.79513294    0.9218443
    1.546875   0.81935787   0.94042778
      1.5625   0.76612413   0.92473501
    1.578125   0.76606965   0.92739594
     1.59375   0.66018677    0.8828966
    1.609375   0.72016352   0.89098555
       1.625   0.82136393   0.93005091
    1.640625   0.79480851   0.90425605
     1.65625   0.72422642   0.89125866
    1.671875   0.75357616   0.92030579
      1.6875   0.80716377   0.94837433
    1.703125   0.73432249   0.93757677
     1.71875   0.63039631   0.90008718
    1.734375   0.68308294   0.90205574
        1.75   0.68116987   0.91231817
    1.765625   0.58101094    0.9055419
     1.78125   0.37262326   0.88803607
    1.796875   0.51212144   0.86576623
      1.8125   0.54879022   0.87446374
    1.828125    0.6173079   0.89846206
     1.84375   0.42000851   0.87980598
    1.859375   0.22419637   0.86577982
       1.875   0.10010634   0.82573724
    1.890625   0.29158503    0.8731516
     1.90625   0.48576015   0.89162886
    1.921875    0.5895533    0.8950299
      1.9375   0.57197917   0.83867961
    1.953125   0.33793318   0.75807828
     1.96875   0.45034328   0.72865987
    1.984375   0.19314083   0.72165954
           2   0.17393443   0.69866532
    2.015625   0.15097179   0.65774596
     2.03125   0.46867725    0.8548342
    2.046875   0.29140303   0.75816292
      2.0625   0.13759787    0.6239236
    2.078125   0.24483539   0.75724983
     2.09375   0.24506238   0.86070484
    2.109375   0.15299156   0.79940009
       2.125   0.30773541   0.81289685
    2.140625   0.46243876   0.86484444
     2.15625   0.33973002   0.89273894
    2.171875   0.51932126   0.86435258
      2.1875   0.18568757   0.83490193
    2.203125   0.21386378   0.81939489
     2.21875   0.32287499   0.70901984
    2.234375   0.32887635   0.67163068
        2.25    0.1662382    0.7988264
    2.265625  0.079477564   0.80043322
     2.28125   0.18779771   0.79988885
    2.296875   0.25036013   0.79976887
      2.3125   0.17510015   0.76098961
    2.328125   0.32047856   0.83936983
     2.34375   0.46961913   0.83773416
    2.359375   0.57181638   0.89137965
       2.375    0.5296005   0.86008304
    2.390625   0.63875669   0.79404044
     2.40625   0.66684228   0.79692703
    2.421875   0.64328331   0.82176477
      2.4375   0.61566329   0.87362087
    2.453125   0.67562008   0.84147221
     2.46875   0.77435863   0.87879199
    2.484375   0.75021642   0.86261851
         2.5   0.83832479    0.8480162
    2.515625    0.9349438   0.87544364
     2.53125   0.93707156   0.82698292
    2.546875   0.93510443   0.77142775
      2.5625   0.95734394   0.68446082
    2.578125   0.97223622   0.51618135
     2.59375   0.97073662  0.022580346
    2.609375   0.98263615   0.46623906
       2.625   0.98206741   0.70868593
    2.640625   0.97931623   0.81923723
     2.65625   0.97876233    0.8387894
    2.671875   0.96169949   0.78493601
      2.6875   0.96720976   0.84539598
    2.703125    0.9695037   0.88318199
     2.71875   0.93711174   0.79531127
    2.734375   0.93013537   0.79684216
        2.75   0.93760175   0.83175194
    2.765625   0.94425619   0.86545408
     2.78125   0.93696249   0.87956852
    2.796875   0.89726907    0.8274101
      2.8125   0.85928398   0.76519787
    2.828125   0.87147522   0.81038493
     2.84375    0.9113633   0.87587291
    2.859375   0.87661999   0.82624608
       2.875   0.86044872   0.81535864
    2.890625   0.82896775   0.81051838
     2.90625   0.78060585   0.75911784
    2.921875   0.79730403   0.78751582
      2.9375   0.75122243    0.7671113
    2.953125   0.86452973   0.87399012
     2.96875   0.90199065   0.90369034
    2.984375   0.75357431   0.79253924
           3   0.75207216   0.80594885
    3.015625   0.84460992   0.88184923
     3.03125   0.88477701   0.92142016
    3.046875   0.93681467   0.95773107
      3.0625   0.88473451    0.9215048
    3.078125   0.88697898   0.92937136
     3.09375    0.9373709   0.95950556
    3.109375   0.89459914   0.93451458
       3.125   0.93244934   0.96309912
    3.140625   0.94333887   0.97069561
     3.15625     0.930044   0.96470267
    3.171875   0.97749037   0.98893547
      3.1875   0.98331106   0.99211633
    3.203125   0.97440958   0.98853701
     3.21875   0.96906352   0.98693365
    3.234375    0.9699834   0.98688817
        3.25    0.9664073   0.98541939
    3.265625   0.96505773   0.98418689
     3.28125   0.96769691   0.98683786
    3.296875   0.96498269   0.98648584
      3.3125   0.96419108   0.98594481
    3.328125   0.98008424   0.99242413
     3.34375   0.97073883   0.98917395
    3.359375   0.95200574   0.98256707
       3.375   0.96560854   0.98803246
    3.390625   0.95674443    0.9851709
     3.40625   0.94769615   0.98218912
    3.421875   0.96465182   0.98835158
      3.4375   0.96908587   0.99017918
    3.453125   0.94984078   0.98360348
     3.46875    0.9596718   0.98703134
    3.484375   0.95548505   0.98606759
         3.5   0.93665731   0.98028868
    3.515625   0.93907017   0.98133075
     3.53125   0.93202108   0.98026884
    3.546875   0.95345432   0.98689735
      3.5625   0.97235548    0.9925229
    3.578125   0.95624167   0.98837447
     3.59375   0.93504226    0.9813062
    3.609375   0.94721138   0.98532516
       3.625   0.95815051   0.98919785
    3.640625   0.95030147   0.98701853
     3.65625   0.95960635   0.98944628
    3.671875   0.97167075   0.99271005
      3.6875   0.96861041   0.99220437
    3.703125   0.96344501   0.99142694
     3.71875    0.9593116   0.99080956
    3.734375   0.95385724   0.98967063
        3.75   0.96181697   0.99163544
    3.765625   0.95421571    0.9901576
     3.78125   0.90142399   0.97735423
    3.796875   0.92468196   0.98259419
      3.8125   0.93410587   0.98503822
    3.828125   0.94568825   0.98807973
     3.84375   0.94164395   0.98780704
    3.859375   0.94002104   0.98664224
       3.875   0.96173304   0.99094015
    3.890625    0.9505133   0.98844463
     3.90625   0.92689896   0.98333567
    3.921875   0.93300027   0.98565859
      3.9375    0.9331848   0.98469037
    3.953125   0.88828063   0.97580916
     3.96875   0.91285855   0.98286295
    3.984375   0.89665675    0.9796598
           4   0.90343887   0.98300141
    4.015625   0.91417682   0.98384613
     4.03125   0.93568581   0.98770356
    4.046875   0.91709065   0.98461235
      4.0625   0.86377388   0.97696269
    4.078125   0.88955164   0.97975814
     4.09375   0.90813911   0.98248708
    4.109375   0.91733921   0.98353893
       4.125   0.91667193   0.98388845
    4.140625    0.8806932   0.97690713
     4.15625   0.88809943   0.98051667
    4.171875   0.87563342   0.97779691
      4.1875   0.88958549   0.97997433
    4.203125   0.89921665   0.98150361
     4.21875   0.88056713   0.97608089
    4.234375   0.86701882   0.97177964
        4.25   0.89664221   0.97883219
    4.265625   0.88892668   0.97905785
     4.28125   0.90165591   0.98292404
    4.296875   0.91003275   0.98432362
      4.3125   0.90809572   0.98552603
    4.328125   0.90903252   0.98558396
     4.34375   0.80735391   0.96799219
    4.359375     0.793064   0.96370822
       4.375    0.8908388   0.98076361
    4.390625   0.93050569   0.98792589
     4.40625   0.85284078   0.97585547
    4.421875   0.87918025   0.97835064
      4.4375   0.82266062   0.96807855
    4.453125   0.83009338    0.9735657
     4.46875   0.89623654   0.98436844
    4.484375   0.84975582     0.977202
         4.5   0.85682398   0.97681028
    4.515625   0.87952727   0.97996241
     4.53125   0.84575665   0.97416699
    4.546875   0.89957982   0.98279691
      4.5625   0.91202062   0.98549056
    4.578125    0.8895669   0.98255306
     4.59375   0.88659298   0.98208684
    4.609375   0.84024858   0.97331673
       4.625   0.83724952   0.97573173
    4.640625   0.84038925   0.97388715
     4.65625   0.84216422   0.97597778
    4.671875   0.81328291    0.9730354
      4.6875   0.80686706   0.96809137
    4.703125    0.8082509    0.9715597
     4.71875   0.80975145   0.97211653
    4.734375   0.81465393   0.97271603
        4.75   0.85274559   0.97786909
    4.765625   0.81427181   0.97109252
     4.78125   0.81589693   0.97239935
    4.796875   0.79608661   0.96988243
      4.8125   0.81213719   0.97013658
    4.828125    0.7497732   0.96100307
     4.84375   0.75643671   0.96285653
    4.859375   0.83966804   0.97599018
       4.875   0.80657703   0.96956998
    4.890625   0.72978663    0.9614228
     4.90625   0.75979328   0.96516031
    4.921875   0.70858735   0.94708747
      4.9375   0.75063181    0.9590019
    4.953125   0.57386935   0.92265898
     4.96875   0.66373742    0.9411971
    4.984375   0.66789627   0.93765837
           5   0.67772222   0.92886484
    5.015625   0.62518442   0.93651646
     5.03125   0.35386133   0.89112914
    5.046875   0.55830252   0.90364045
      5.0625   0.62677163   0.92189163
    5.078125   0.59497672   0.92444581
     5.09375   0.50357825   0.91447592
    5.109375   0.61438549   0.94134998
       5.125    0.6916402   0.94107968
    5.140625   0.61449772   0.93948591
     5.15625    0.6005885   0.93440205
    5.171875    0.4081502    0.8818177
      5.1875   0.43054634   0.90167457
    5.203125   0.26270103   0.84803051
     5.21875   0.10117337   0.75367916
    5.234375   0.37926489   0.85040653
        5.25   0.55314714   0.90897334
    5.265625   0.61695105   0.92779839
     5.28125   0.50007111   0.88099104
    5.296875   0.42768466   0.86795789
      5.3125   0.34648541   0.88246608
    5.328125   0.18448459   0.78073877
     5.34375   0.36020887   0.79594666
    5.359375   0.54057997   0.85270399
       5.375   0.41659811   0.82404643
    5.390625   0.12158413   0.39646259
     5.40625  0.014652818   0.10960106
    5.421875  0.015170305   0.22422925
      5.4375   0.21989158   0.72872823
    5.453125   0.20033033   0.75206405
     5.46875   0.21127577   0.81845587
    5.484375   0.29859546   0.80030787
         5.5   0.36450881   0.81225032
    5.515625   0.40714708   0.81029159
     5.53125   0.39452523   0.80080414
    5.546875   0.26743877   0.80051035
      5.5625   0.17979276   0.78447819
    5.578125    0.1385085   0.75790238
     5.59375  0.096570477   0.71439385
    5.609375   0.14739068     0.724226
       5.625   0.25181529   0.74162841
    5.640625   0.47444156   0.86450469
     5.65625    0.2558414   0.75503457
    5.671875    0.2798999   0.77359849
      5.6875    0.1727493   0.79856193
    5.703125    0.1317369   0.67148328
     5.71875   0.15959325   0.65086567
    5.734375   0.20798686   0.69865543
        5.75   0.16423589   0.74074775
    5.765625   0.13119902   0.65886313
     5.78125    0.0645888   0.58814216
    5.796875  0.046671394   0.61808419
      5.8125   0.17907861   0.65650189
    5.828125   0.19225916   0.71490234
     5.84375   0.29004925   0.78438479
    5.859375   0.25731212   0.76983058
       5.875   0.14854386   0.61067498
    5.890625   0.15662733   0.70305431
     5.90625   0.20870203    0.7281813
    5.921875   0.33542365   0.78366876
      5.9375  0.083598584   0.72188395
    5.953125   0.16242473   0.68097579
     5.96875  0.079197071   0.64668953
    5.984375 0.0087378696    0.4749693
           6   0.14390564   0.59173208
    6.015625   0.11439299   0.57265079
     6.03125   0.23740672   0.74188805
    6.046875   0.17726885   0.65324116
      6.0625  0.094738945   0.51348335
    6.078125   0.14873394   0.59976715
     6.09375  0.091981016   0.52066898
    6.109375  0.084635951    0.4692854
       6.125  0.022060195   0.21271756
    6.140625  0.011093443   0.17286702
     6.15625   0.11683604   0.51385891
    6.171875   0.21032552   0.60538298
      6.1875   0.22757845   0.66893822
    6.203125    0.1099474   0.54483044
     6.21875   0.16985975   0.64406401
    6.234375   0.11097787   0.60945243
        6.25   0.12659293   0.65152937
    6.265625   0.12896004   0.70504344
     6.28125   0.20816158   0.73030078
    6.296875   0.07279022   0.57996231
      6.3125  0.099182762   0.56138116
    6.328125  0.091974266   0.57290095
     6.34375   0.10421102   0.41228983
    6.359375  0.060193349   0.53302306
       6.375  0.013382209   0.45191678
    6.390625 0.0071757194    0.4171094
     6.40625    0.0363358   0.52820081
    6.421875  0.033364523   0.48394918
      6.4375   0.03558765   0.48183605
    6.453125   0.25290653   0.70330244
     6.46875   0.23569758   0.66808915
    6.484375   0.14290307   0.63361824
         6.5  0.033894211   0.54130155
    6.515625  0.045351245   0.52582395
     6.53125  0.090699941   0.55372053
    6.546875   0.11126991   0.50754619
      6.5625  0.010485657   0.45246398
    6.578125  0.045849949   0.53268927
     6.59375  0.045919206   0.53366178
    6.609375   0.11556664   0.49753168
       6.625  0.039392512    0.2966418
    6.640625  0.020162094   0.26835081
     6.65625  0.018717153   0.49710199
    6.671875   0.10989234    0.4234603
      6.6875  0.048105467   0.40329221
    6.703125   0.05785967   0.23081261
     6.71875   0.04671374   0.22068441
    6.734375  0.043368153   0.15526725
        6.75  0.029014284   0.44286773
    6.765625  0.075355217   0.48604161
     6.78125   0.10232823   0.49626374
    6.796875  0.059164941   0.39724997
      6.8125    0.1235634   0.49719623
    6.828125   0.17174993   0.59939563
     6.84375   0.18047556   0.62916356
    6.859375   0.25324178   0.62137431
       6.875  0.091441832   0.48902369
    6.890625   0.03005966   0.42627007
     6.90625   0.15691294   0.52154922
    6.921875   0.12883192   0.40962768
      6.9375  0.059357673   0.33817092
    6.953125 0.0090017831   0.33686754
     6.96875  0.070644386    0.5016486
    6.984375   0.12816893   0.53268349
           7    0.0212349    0.3119005
    7.015625  0.046621509   0.31056604
     7.03125  0.065990888    0.3162109
    7.046875  0.024958586   0.35652941
      7.0625  0.074076779   0.42587912
    7.078125   0.12451506   0.48238298
     7.09375   0.13049138   0.51051956
    7.109375   0.10789762   0.44727114
       7.125  0.040074233   0.34196612
    7.140625  0.016602641   0.23195937
     7.15625  0.001391322   0.25478005
    7.171875  0.050943378   0.41046992
      7.1875   0.11543169   0.47835353
    7.203125   0.22522525   0.57391495
     7.21875   0.19202888   0.53971708
    7.234375   0.27515504   0.42305046
        7.25   0.13831925   0.33372056
    7.265625  0.060809691   0.35603285
     7.28125  0.096676372   0.36641008
    7.296875  0.054639805   0.35803798
      7.3125  0.060141645   0.33830714
    7.328125   0.17377254   0.53404611
     7.34375  0.074313313   0.46607509
    7.359375  0.075332932   0.43798399
       7.375  0.081680059     0.451547
    7.390625   0.09498205   0.49057859
     7.40625  0.033195361   0.45125788
    7.421875  0.003598952   0.23722614
      7.4375  0.026577847   0.32413274
    7.453125   0.11578888   0.47965029
     7.46875  0.088577248   0.57924604
    7.484375  0.027621252   0.47554263
         7.5 0.0063183601   0.30817464
    7.515625  0.018982852   0.31792662
     7.53125  0.047192022   0.22325025
    7.546875  0.025184456   0.28322741
      7.5625   0.07866694   0.38628665
    7.578125  0.064689964    0.4482348
     7.59375   0.14865118   0.61483449
    7.609375  0.079729274    0.4944858
       7.625  0.041517463   0.17064776
    7.640625  0.032727007   0.17341423
     7.65625 0.0060651083   0.18700919
    7.671875 0.0083034318    0.2022406
      7.6875 0.0003618864   0.40505478
    7.703125  0.072895244   0.47637016
     7.71875  0.034418065   0.29738519
    7.734375  0.053895947   0.32169414
        7.75  0.061969407   0.37780398
    7.765625  0.060941804   0.37553927
     7.78125 0.0085031074   0.29294893
    7.796875  0.048617136   0.10827252
      7.8125  0.039482798  0.091699272
    7.828125 0.0086567225   0.27721798
     7.84375  0.027373347   0.16741152
    7.859375   0.01665869   0.31549275
       7.875   0.13189563   0.27624211
    7.890625  0.096708283   0.20325653
     7.90625  0.017085968   0.25210637
    7.921875  0.068735972   0.38440269
      7.9375  0.052555501   0.22951077
    7.953125  0.094796717   0.19263357
     7.96875  0.018631015     0.200508
    7.984375   0.10527311   0.33320579
           8  0.047430191   0.19147824
    8.015625  0.016954424   0.24924186
     8.03125  0.072568446   0.35027677
    8.046875  0.067538582   0.36482212
      8.0625  0.056608804   0.31341588
    8.078125  0.022795688    0.3230572
     8.09375   0.14421095   0.46567294
    8.109375   0.14928976   0.37758398
       8.125   0.10903282   0.11006588
    8.140625   0.08862076  0.041793175
     8.15625  0.042080019  0.062592961
    8.171875   0.16017239 0.0082202321
      8.1875  0.044499021 0.0071469806
    8.203125   0.01084304  0.050202064
     8.21875   0.01426902   0.14248864
    8.234375  0.052218214  0.062052425
        8.25  0.044958506   0.16776784
    8.265625 0.0057292492  0.075441748
     8.28125  0.050500032  0.039340686
    8.296875  0.077445164  0.073692299
      8.3125   0.06174431   0.15466103
    8.328125  0.017380912   0.19652954
     8.34375  0.022853581   0.12420766
    8.359375  0.014722808  0.093102671
       8.375  0.051854733  0.052870043
    8.390625    0.0246886  0.019300202
     8.40625   0.01020927   0.13035567
    8.421875 0.0022901909   0.20734601
      8.4375  0.093766876 0.0086098639
    8.453125  0.022198448  0.090231486
     8.46875  0.027277611   0.20303866
    8.484375  0.017572084   0.10349221
         8.5 0.0074326824   0.11519093
    8.515625  0.087165914   0.27960256
     8.53125  0.026652614   0.19972569
    8.546875  0.045311574  0.078496523
      8.5625  0.020832304  0.024670746
    8.578125 0.0033334733  0.059747115
     8.59375  0.028636437   0.12430223
    8.609375 0.0012721561   0.17943309
       8.625  0.034243111  0.058073949
    8.640625 0.0010696455  0.061819967
     8.65625  0.036735788   0.18789837
    8.671875  0.024461566   0.17615476
      8.6875  0.015241846   0.05567231
    8.703125  0.043673243  0.071863927
     8.71875  0.024264909  0.091829732
    8.734375  0.064071432  0.060996886
        8.75  0.024006663  0.020038787
    8.765625  0.029351072 0.0058680405
     8.78125  0.057687461 0.0075938981
    8.796875  0.030742422  0.071580574
      8.8125  0.012641706  0.064731218
    8.828125  0.039367884 0.0082901921
     8.84375 0.0053058825  0.079293124
    8.859375  0.015309408    0.1143558
       8.875 0.0034509359  0.076370709
    8.890625  0.014076363  0.074976191
     8.90625  0.023532372  0.030071983
    8.921875  0.095961824   0.17466004
      8.9375  0.029211426  0.060184401
    8.953125 0.0086784167  0.026164472
     8.96875  0.096662723   0.24182543
    8.984375  0.072593093   0.15323932
           9  0.086404093   0.10521566
    9.015625  0.025369722  0.080807835
     9.03125  0.015520883  0.035887353
    9.046875  0.024858994  0.012736602
      9.0625  0.015073648  0.051038928
    9.078125  0.015959993  0.013621453
     9.09375  0.031670917 0.0077040712
    9.109375  0.036907125  0.083562672
       9.125  0.052364528  0.032114632
    9.140625   0.10918083   0.12291013
     9.15625  0.072708204  0.078562349
    9.171875  0.044971973   0.17450099
      9.1875 0.00065102323  0.049007479
    9.203125 0.0079727182  0.063410088
     9.21875  0.026885135    0.1369518
    9.234375  0.016511565    0.0941604
        9.25 0.0024685296  0.066904552
    9.265625 0.0092850029   0.11962297
     9.28125  0.062670954    0.1017264
    9.296875  0.063169539   0.10459027
      9.3125  0.039131418   0.12995104
    9.328125  0.074096926   0.15573904
     9.34375  0.003900019  0.081455149
    9.359375  0.099523604   0.16687739
       9.375  0.050434966   0.03848755
    9.390625  0.010785651  0.088135831
     9.40625  0.021678036  0.091690503
    9.421875  0.010512724  0.030234165
      9.4375   0.03596992  0.053645529
    9.453125  0.063549131   0.13166359
     9.46875  0.030231604   0.11459187
    9.484375  0.061421752  0.020559819
         9.5  0.053656925  0.015190006
    9.515625   0.10958305   0.12210472
     9.53125  0.024728652   0.10351207
    9.546875  0.027960667  0.077221714
      9.5625  0.013959651  0.039649334
    9.578125  0.022250487   0.12467509
     9.59375  0.029648969   0.13551661
    9.609375 0.0091046328  0.010763472
       9.625   0.10531467  0.063811615
    9.640625  0.051270187  0.065207854
     9.65625   0.14158128   0.12195454
    9.671875  0.038102221  0.026520109
      9.6875  0.028094079  0.040229458
    9.703125  0.071679629   0.14443836
     9.71875  0.083919086   0.12667383
    9.734375   0.11167067   0.17881003
        9.75  0.087397888   0.18165155
    9.765625  0.046411492   0.14547449
     9.78125  0.029411854 0.0052986634
    9.796875   0.26410958   0.15855241
      9.8125   0.21029575  0.080585301
    9.828125   0.11240381  0.064494893
     9.84375  0.016186329   0.01910851
    9.859375 0.0093325144  0.048308328
       9.875  0.069168933   0.12333389
    9.890625 0.0016364603  0.025782173
     9.90625  0.031825237  0.085905284
    9.921875   0.05841345  0.049827892
      9.9375   0.11953438   0.15210561
    9.953125   0.18487369   0.23761751
     9.96875   0.10212215   0.14663666
    9.984375  0.046941914  0.096483178
          10  0.079490408    0.1817205