           0    -1.250635            0  -0.25063527            0
     0.03125   -1.0451837 0.0028674025 -0.045183636 0.0028674398
      0.0625   -1.1064591  0.051786464  -0.10645953  0.051786464
     0.09375   -1.1464267  0.081453152  -0.14642671  0.081453159
       0.125   -1.2548144   0.18188195  -0.25481445    0.1818819
     0.15625   -1.3713129   0.47607309  -0.37131259   0.47607315
      0.1875   -1.2516168   0.80942678  -0.25161687   0.80942678
     0.21875   -1.0763749   0.99777138 -0.076374814   0.99777138
        0.25  -0.84127766    1.0572865   0.15872274    1.0572866
     0.28125  -0.60275686    1.0411078   0.39724317    1.0411078
      0.3125  -0.36561352   0.86474496   0.63438654   0.86474496
     0.34375  -0.20633839   0.71252596   0.79366124   0.71252596
       0.375  -0.13963594   0.60970908   0.86036384    0.6097092
     0.40625 -0.088991359   0.41406432   0.91100854   0.41406429
      0.4375  -0.22631666   0.27105743   0.77368301   0.27105743
     0.46875  -0.41589159    0.2876952   0.58410811    0.2876952
         0.5  -0.54120195   0.45899323   0.45879814   0.45899317
     0.53125  -0.41430527   0.63608509   0.58569479   0.63608509
      0.5625  -0.23674352   0.56293571   0.76325685   0.56293565
     0.59375  -0.17965585   0.47066095   0.82034421   0.47066101
       0.625  -0.17028493   0.47832137   0.82971489   0.47832137
     0.65625  -0.21327208   0.45029381   0.78672808   0.45029381
      0.6875  -0.20087293   0.41726422    0.7991271   0.41726422
     0.71875  -0.18983355   0.39870048   0.81016666   0.39870045
        0.75  -0.19379237    0.3951191   0.80620831    0.3951191
     0.78125  -0.19049263   0.39138517   0.80950725   0.39138517
      0.8125  -0.18648389   0.37183461   0.81351632   0.37183461
     0.84375  -0.16507715   0.39549899   0.83492303   0.39549899
       0.875  -0.21012898   0.37303242   0.78987104   0.37303239
     0.90625  -0.20956337   0.32944158   0.79043716   0.32944149
      0.9375  -0.17242272   0.34132034   0.82757729   0.34132034
     0.96875  -0.12820229   0.44339445   0.87179804   0.44339439
           1  -0.32891494   0.65715259   0.67108488   0.65715259
     1.03125  -0.47422495    1.1505769   0.52577484    1.1505769
      1.0625   0.16266569    1.5433164    1.1626657    1.5433164
     1.09375   0.84242982   0.63424402    1.8424301   0.63424402
       1.125   0.63318545   0.27049881    1.6331859   0.27049887
     1.15625   0.37446159   0.21271075    1.3744612   0.21271075
      1.1875    0.3179853   0.14589538    1.3179854   0.14589538
     1.21875    0.2451621   0.20412128    1.2451618   0.20412128
        1.25    0.1703458   0.25232983    1.1703458   0.25232983
     1.28125   0.14345136   0.17516916    1.1434513   0.17516913
      1.3125  0.093114987   0.17768623    1.0931149   0.17768623
     1.34375  0.088388085   0.26458728    1.0883886   0.26458728
       1.375   0.12750047    0.2578361    1.1275003   0.25783613
     1.40625   0.12921362   0.21629213    1.1292132   0.21629217
      1.4375   0.15832731   0.18126298    1.1583273   0.18126304
     1.46875   0.16520694   0.17043266    1.1652067    0.1704326
         1.5   0.17308727   0.13514514    1.1730866   0.13514516
     1.53125   0.15221648   0.13242127    1.1522166   0.13242128
      1.5625   0.14148158   0.12348617     1.141482   0.12348621
     1.59375   0.12720639   0.12110174    1.1272064   0.12110176
       1.625   0.10730062  0.096793756    1.1073002  0.096793748
     1.65625  0.092178509  0.089454561    1.0921786  0.089454517
      1.6875   0.11493712   0.10146529    1.1149377   0.10146534
     1.71875  0.088629045  0.089285932     1.088629  0.089285932
        1.75  0.054155942  0.091303259    1.0541561  0.091303259
     1.78125  0.029100927  0.074627317    1.0291013  0.074627317
      1.8125  0.025257273  0.055959076    1.0252569  0.055959083
     1.84375   0.01518382  0.048058666    1.0151842  0.048058666
       1.875  0.015071457  0.058358129    1.0150716  0.058358163
     1.90625 -0.0022121044    0.0836735   0.99778813  0.083673544
      1.9375  -0.02688347  0.050821606   0.97311652  0.050821595
     1.96875 -0.039433181  0.045581385   0.96056664  0.045581389
           2 -0.031652186  0.053852662   0.96834803  0.053852648
     2.03125 -0.047654111  0.059018802   0.95234561  0.059018832
      2.0625 -0.066035539  0.048629187   0.93396443  0.048629168
     2.09375 -0.068368778  0.059428204    0.9316318  0.059428152
       2.125 -0.063567087  0.064762294   0.93643296  0.064762257
     2.15625  -0.10686765   0.11089392   0.89313263   0.11089388
      2.1875  -0.12941051  0.069483154    0.8705892  0.069483146
     2.21875  -0.09051621  0.041557096   0.90948373  0.041557066
        2.25  -0.12708429  0.074287482    0.8729161  0.074287497
     2.28125  -0.12317741  0.080944031   0.87682241  0.080944031
      2.3125  -0.10446487  0.072228886   0.89553505  0.072228871
     2.34375  -0.14422542   0.10043528   0.85577416   0.10043531
       2.375  -0.18007717   0.11763307   0.81992304    0.1176331
     2.40625  -0.20833214   0.17493169   0.79166764   0.17493169
      2.4375  -0.18373364   0.24591348    0.8162663   0.24591348
     2.46875  -0.14987014   0.32835343   0.85012978   0.32835343
         2.5  -0.23550732   0.33958191   0.76449239   0.33958191
     2.53125  -0.26597765   0.40343562   0.73402202   0.40343562
      2.5625  -0.22372535   0.50898558   0.77627468   0.50898564
     2.59375  -0.11316431   0.69171745   0.88683581   0.69171768
       2.625  0.072101787   0.66899109     1.072102   0.66899157
     2.65625   0.25494659   0.47770074    1.2549469    0.4777008
      2.6875   0.24867672   0.36118034    1.2486769   0.36118034
     2.71875   0.20957699   0.26501152    1.2095765   0.26501152
        2.75   0.16138685   0.29114151    1.1613865   0.29114145
     2.78125   0.13656031   0.30367985    1.1365606   0.30367979
      2.8125   0.15431397   0.30441722    1.1543142   0.30441722
     2.84375   0.12551004   0.30751956    1.1255103   0.30751956
       2.875   0.16800247   0.30894092    1.1680025   0.30894092
     2.90625   0.17516078   0.32450038    1.1751606   0.32450038
      2.9375   0.15626135   0.32511324    1.1562612   0.32511321
     2.96875   0.17347899   0.33040953    1.1734791   0.33040953
           3   0.20280316   0.33491126    1.2028036    0.3349112
     3.03125   0.27194792   0.37109864    1.2719481   0.37109864
      3.0625   0.31808305   0.34259757    1.3180827   0.34259757
     3.09375   0.34321585   0.29049754    1.3432158   0.29049754
       3.125   0.37539333   0.23135684    1.3753935   0.23135701
     3.15625    0.3755981   0.22380064     1.375598   0.22380076
      3.1875   0.41511768    0.1776005    1.4151176    0.1776005
     3.21875   0.36494753   0.13703939    1.3649477   0.13703947
        3.25   0.32218173  0.048350971     1.322181  0.048350953
     3.28125   0.32613501  0.035914756    1.3261349   0.03591482
      3.3125     0.326893  -0.02218044    1.3268927 -0.022180365
     3.34375   0.31434852 -0.042735517    1.3143491 -0.042735428
       3.375   0.25050482 -0.051542263    1.2505044 -0.051542345
     3.40625  0.097799107  -0.11034499    1.0977988  -0.11034496
      3.4375   0.10477062  -0.18830788    1.1047708  -0.18830813
     3.46875     0.207032  0.012766506    1.2070316  0.012766427
         3.5   0.31847444  0.017646531    1.3184741  0.017646756
     3.53125     0.296047  0.068510056    1.2960463  0.068509914
      3.5625   0.18740085   0.02738646    1.1874008  0.027386863
     3.59375    0.1645043  0.043087646    1.1645041  0.043087877
       3.625   0.12186301  0.069724925    1.1218634  0.069724694
     3.65625   0.12244874    0.1021943    1.1224489   0.10219426
      3.6875    0.1035693  0.045661211    1.1035701  0.045661401
     3.71875   0.07412295 -0.019854877    1.0741229  -0.01985498
        3.75   0.10445198 -0.072873667    1.1044524 -0.072874069
     3.78125   0.10964549 0.0027922948    1.1096436 0.0027922252
      3.8125   0.10327083 0.0004042245    1.1032706 0.00040401498
     3.84375   0.19021806 -0.0083994083    1.1902182 -0.0083985366
       3.875   0.17182742   0.06598103    1.1718272   0.06598077
     3.90625   0.17015688  0.077167638    1.1701578  0.077167496
      3.9375   0.19507688 0.0084088296    1.1950767 0.0084093381
     3.96875    0.1653149 -0.013218514    1.1653141  -0.01321762
           4   0.16426842 0.0042127483    1.1642687 0.0042121774
     4.03125    0.1405617 -0.0057022185    1.1405618 -0.0057017319
      4.0625   0.16181904 -0.024489034    1.1618202 -0.024488984
     4.09375   0.20678177  0.026064932    1.2067801  0.026065659
       4.125   0.19589086  0.034560088    1.1958904  0.034558944
     4.15625   0.17378972  -0.01996739    1.1737911 -0.019968968
      4.1875   0.22840495  -0.02617524    1.2284055 -0.026176991
     4.21875   0.24396445 -0.010192853     1.243965 -0.010192153
        4.25   0.19196591  0.035566561    1.1919656  0.035568234
     4.28125  0.084652089  0.044107907    1.0846515  0.044105124
      4.3125  0.046579272  0.061985321    1.0465798  0.061984498
     4.34375   0.10612679 -0.0033136583    1.1061251 -0.003313462
       4.375   0.20511638  -0.06446521    1.2051169  -0.06446486
     4.40625   0.14924292 -0.059996545    1.1492404 -0.059995439
      4.4375  0.096029408 -0.051670074    1.0960304 -0.051668406
     4.46875   0.18139209 -0.043124408    1.1813917 -0.043120597
         4.5   0.16871096 0.00087811518    1.1687156 0.00088095822
     4.53125   0.12538546  0.017822482    1.1253871  0.017817752
      4.5625   0.10541061 -0.0036886018    1.1054108 -0.0036886358
     4.59375  0.056340665 -0.029977052    1.0563368 -0.029978303
       4.625   0.10802612 -0.032409001    1.1080284 -0.032408264
     4.65625   0.14324449 -0.0015293722    1.1432453 -0.0015276825
      4.6875   0.12035343   0.02574853    1.1203543  0.025747987
     4.71875  0.089134805    0.0049079     1.089138 0.0049092001
        4.75   0.13926035 0.0011433618    1.1392602 0.0011492005
     4.78125   0.12836568 -0.017871162    1.1283669 -0.017873144
      4.8125   0.12628141 -0.038266819    1.1262774 -0.038267761
     4.84375   0.11456545 -0.080960147    1.1145662 -0.080965206
       4.875   0.15393721 -0.041803814    1.1539365 -0.041806206
     4.90625   0.14433207 -0.035913672    1.1443313  -0.03591989
      4.9375   0.18900241 -0.044305641     1.189003 -0.044310823
     4.96875   0.17980227  -0.06315808    1.1798162 -0.063162751
           5   0.14578556 -0.052256171    1.1457893 -0.052253928
     5.03125  0.082112283 -0.033572201    1.0821086   -0.0335798
      5.0625  0.064485863 -0.060096357    1.0644923 -0.060106244
     5.09375   0.10087021 -0.0039093355     1.100876 -0.003906358
       5.125    0.1324068 -0.065626085    1.1323997 -0.065621629
     5.15625   0.15043068 -0.085674033    1.1504469 -0.085667916
      5.1875   0.14338268 -0.055326704    1.1433902 -0.055329502
     5.21875   0.15026002 -0.061579503    1.1502477  -0.06157925
        5.25   0.16551438 -0.027886275     1.165509 -0.027882349
     5.28125   0.10354831 -0.0057136579    1.1035327 -0.0057135453
      5.3125  0.099665076 -0.030619787    1.0996597 -0.030623091
     5.34375  0.096857257 -0.059186123    1.0968506 -0.059188068
       5.375   0.10983533  -0.07834278      1.10984 -0.078334518
     5.40625  0.080238231  -0.12841776    1.0802206  -0.12841998
      5.4375  0.074953474  -0.11710893    1.0749415  -0.11711563
     5.46875  0.072284512  -0.11186051    1.0722829  -0.11188967
         5.5   0.07034459 -0.073162273     1.070353 -0.073152825
     5.53125  0.056005076 -0.066022992    1.0560199 -0.066019967
      5.5625  0.032213621 -0.063348353    1.0322418 -0.063356981
     5.59375   0.01822539 -0.090389907    1.0182441 -0.090409771
       5.625   0.03290442  -0.10072906    1.0329213  -0.10073753
     5.65625  0.044101764 -0.082776256    1.0441126 -0.082768939
      5.6875  0.050194431 -0.052848238    1.0502087 -0.052816298
     5.71875  0.082590602 -0.081667311     1.082603 -0.081723504
        5.75  0.077727571 -0.054339431    1.0777084 -0.054340765
     5.78125  0.046882514   -0.1299849    1.0468931   -0.1299842
      5.8125  0.069596671 -0.067413442    1.0695878 -0.067412734
     5.84375  0.086772688 -0.022080636    1.0867817  -0.02204269
       5.875  0.040446274 -0.026932487    1.0404176 -0.026913144
     5.90625  0.063382484 -0.078800537     1.063347 -0.078784399
      5.9375  0.063411593  -0.13530773    1.0634162  -0.13531885
     5.96875  0.060730517  -0.15450417    1.0607231  -0.15451123
           6   0.05509216 -0.094082057    1.0550838  -0.09408018
     6.03125  0.073767833  -0.13133249    1.0737427  -0.13133045
      6.0625   0.11029875  -0.12158523    1.1102976  -0.12155633
     6.09375   0.07138408 -0.090775348    1.0714284 -0.090806514
       6.125  0.076723099 -0.061959356    1.0767176  -0.06195518
     6.15625  0.053206496 -0.0089520179    1.0531816 -0.0089045689
      6.1875  0.045926511 -0.081715897     1.045925 -0.081730716
     6.21875  0.035506185  -0.10069256    1.0355355  -0.10072534
        6.25  0.040093176 -0.059554949    1.0401224 -0.059469823
     6.28125  0.029786728 -0.014968467    1.0298349 -0.014961554
      6.3125 0.0074865953 -0.065035023      1.00755 -0.065071277
     6.34375 -0.010319744 -0.060092874   0.98965508 -0.060133148
       6.375  0.043407131 -0.065272234    1.0434159 -0.065248385
     6.40625 0.00058346504   -0.1365197    1.0006317  -0.13651747
      6.4375  0.019969022  -0.10306068    1.0199993  -0.10303569
     6.46875  0.042536795 -0.0092916582    1.0424629 -0.0092721581
         6.5  0.011733873 -0.039384007    1.0117865 -0.039408684
     6.53125 -0.067669317  -0.04764026   0.93235677 -0.047675624
      6.5625 -0.063011952 -0.072995111   0.93691123 -0.072972417
     6.59375 -0.017088735 -0.058648162   0.98289204 -0.058579504
       6.625  0.020514846  -0.10493355    1.0205245  -0.10490549
     6.65625  0.017773384 -0.093552433     1.017905 -0.093493961
      6.6875 -0.035311069 -0.051427964   0.96476716 -0.051480647
     6.71875 -0.065019488  0.038714759   0.93491799  0.038730364
        6.75  -0.13160168 -0.0047074878   0.86823004 -0.0046714749
     6.78125  0.016054897 -0.056806024    1.0160701 -0.056745682
      6.8125  0.080566011  -0.10892608    1.0808039  -0.10907198
     6.84375  0.064227432  -0.09687984    1.0641344 -0.096923269
       6.875  0.017488165  -0.19181827    1.0173888  -0.19178124
     6.90625 -0.044159986  -0.19427848   0.95592964  -0.19454095
      6.9375 -0.091130003  -0.09926597   0.90882456 -0.099276215
     6.96875 -0.058711845  -0.15017648   0.94111407  -0.15010862
           7  0.070197016  -0.13354132    1.0701919  -0.13350812
     7.03125  0.023244875 -0.043084003    1.0232447 -0.043091264
      7.0625  0.059535626  0.030593462    1.0601467  0.030656904
     7.09375  0.065170564 0.0018495532    1.0651672 0.0019541853
       7.125 -0.076898575 -0.049688473   0.92318481 -0.049739257
     7.15625 -0.016740574  -0.15378992   0.98317724  -0.15366541
      7.1875 -0.058496885  -0.11199178   0.94123745    -0.112092
     7.21875 -0.035859119 -0.027764061   0.96387613 -0.027919117
        7.25  0.086811319 -0.042950962    1.0867262 -0.042989098
     7.28125  0.058699336 -0.012938642    1.0587112 -0.013118905
      7.3125 -0.017039871  0.012245519    0.9828136  0.012476279
     7.34375 -0.030033235 -0.025851494   0.97004545 -0.025680652
       7.375   0.02088519  -0.11067438     1.020993  -0.11048319
     7.40625 -0.054310646 -0.066864885    0.9456169 -0.066687673
      7.4375 -0.072533667  -0.03626848   0.92752713 -0.036476325
     7.46875 -0.055788506 -0.023885604   0.94423115 -0.024004612
         7.5 0.0029836169  -0.10763764    1.0029356  -0.10776776
     7.53125  0.048872508  -0.14148061    1.0489061  -0.14134635
      7.5625 -0.015981238  -0.15550226   0.98371494  -0.15498373
     7.59375 -0.042877361 -0.039097439   0.95704138 -0.039226796
       7.625   -0.0120451 -0.016545322   0.98755288 -0.016425638
     7.65625  0.046587896  0.049470928    1.0468034  0.049563043
      7.6875  -0.09987025   0.20502429   0.90071136    0.2047251
     7.71875  -0.10962179 -0.091430649   0.89070559 -0.092102192
        7.75  0.060761083  -0.19346891    1.0608648  -0.19354573
     7.78125  -0.13142912  0.011207253   0.86819816  0.011017108
      7.8125  -0.12830696 -0.082932651   0.87134445 -0.082756899
     7.84375  -0.16366054  0.028815893   0.83615822  0.029007813
       7.875  -0.00742641  0.037288565   0.99232644   0.03699296
     7.90625 -0.035109848  -0.13562916   0.96580821  -0.13599706
      7.9375 0.0041247788  -0.12532711    1.0042542  -0.12534146
     7.96875    -0.097819   0.18110879   0.90199977   0.18104696
           8   -0.1529592 -0.073931329    0.8469311 -0.073737375
     8.03125  -0.26820534  -0.15887837   0.73152596   -0.1586151
      8.0625  -0.15915492   0.15536407   0.84033489   0.15558821
     8.09375  -0.31253085   0.11940345   0.68717396   0.11921589
       8.125 -0.022159947   0.16524169   0.97854173   0.16523825
     8.15625  0.022547944  0.089392222    1.0223337  0.089222379
      8.1875 -0.026106913  -0.15061982   0.97389102  -0.15042068
     8.21875   0.12701605  -0.21341863    1.1269883  -0.21408494
        8.25   0.16747873  0.051343713    1.1683078  0.051491007
     8.28125 -0.066210166  0.061314158   0.93340039   0.06099857
      8.3125  -0.11528653 -0.026086593   0.88495421   -0.0259305
     8.34375 -0.014806366  0.072256431   0.98522085  0.072680347
       8.375  0.023794923  -0.16163281    1.0237787  -0.16122134
     8.40625   0.28645933  -0.16956963    1.2860746  -0.16950084
      8.4375  -0.26531464 -0.013341786   0.73536414 -0.013778246
     8.46875  -0.47527242  -0.22833122   0.52490473  -0.22822914
         8.5  -0.22727166 -0.027656775   0.77295971 -0.027699204
     8.53125  -0.41338229   0.06937819   0.58725119  0.069115646
      8.5625  -0.33696118   -0.1462535    0.6633237   -0.1464501
     8.59375   0.18099277  -0.16151786    1.1807586  -0.16178602
       8.625   0.18865182 -0.073073164    1.1885206 -0.072769232
     8.65625   0.26560238   0.55596578    1.2658989   0.55664247
      8.6875   0.12495972   0.48633948    1.1257463   0.48651445
     8.71875  0.060985517   0.26969996    1.0609968   0.26961952
        8.75   0.51050031   0.26368299     1.510808   0.26389909
     8.78125   0.25436133   0.33179221     1.255042   0.33212227
      8.8125   -0.2265307   0.42290324   0.77428877   0.42226192
     8.84375   -0.4288713   0.39076209   0.57153696    0.3905797
       8.875   -0.5904904   0.36947113   0.40955159   0.36915958
     8.90625  -0.58938098 -0.082116812   0.40952155 -0.080307975
      8.9375  -0.19959417  -0.42138365    0.8001768  -0.42186964
     8.96875 -0.083951607  0.033049714   0.91533583  0.032535214
           9  -0.45685798  -0.11309348   0.54341036  -0.11409282
     9.03125  -0.40033105   0.14328668   0.60162485   0.14327531
      9.0625  0.056375816   0.40992263    1.0567255   0.40987802
     9.09375  -0.35943982   0.32983258   0.64049417   0.32932502
       9.125   -0.4720453  -0.16733631   0.52823085  -0.16749597
     9.15625  -0.31309181  -0.12644231   0.68702441  -0.12604904
      9.1875  -0.32100487  -0.14591759    0.6791473  -0.14556853
     9.21875   0.44455907 -0.087470457    1.4449716 -0.086378045
        9.25 -0.073583975   0.11445317   0.92735094   0.11257561
     9.28125  -0.33379549   0.63382107   0.66782939   0.63288087
      9.3125    0.1850812   0.74680525    1.1854424   0.74454093
     9.34375    0.5065971   0.39807758    1.5049425   0.39532086
       9.375   0.20861325 -0.080920957    1.2077825 -0.082084998
     9.40625 -0.021283481  -0.30718413   0.97860736  -0.30672124
      9.4375    -0.141219  -0.26791617   0.85717177  -0.26758438
     9.46875  -0.20331191  -0.16003832   0.79819459  -0.15940817
         9.5  -0.25646314   0.43800598   0.74422377   0.43742356
     9.53125  -0.42005646   0.54409724   0.58274168   0.54356718
      9.5625  -0.48043197  0.029168075   0.52028906     0.030901
     9.59375    0.3051447   -0.4265894    1.3059464   -0.4266459
       9.625   0.69296157  -0.68912739    1.6936749  -0.68858868
     9.65625   0.46547318  -0.85640466    1.4661316  -0.85677201
      9.6875   0.19553025  -0.48217317    1.1942943  -0.48221597
     9.71875    0.2362885   0.60380536     1.236508   0.60341233
        9.75   0.54843706   0.95163763    1.5481076   0.95280784
     9.78125   0.50809866    1.1756778    1.5079851    1.1762704
      9.8125  -0.72242296   0.74112606   0.27606711   0.74002683
     9.84375  -0.91082913   0.48842806   0.08964394    0.4898172
       9.875    -1.439706   -1.0165867  -0.43985572   -1.0127776
     9.90625  -0.31496128   0.28366894   0.68459857   0.28296268
      9.9375    1.0909466   0.86655241    2.0929139   0.86478633
     9.96875   -1.2154756   0.31700513   -0.2139772   0.31835026
          10   -1.8534524 -0.069172591  -0.85372823 -0.069140904