           0  -0.95880502            0  0.041195013            0
    0.015625  -0.95937407 -0.0065211551   0.04062615 -0.0065212459
     0.03125   -1.4257501  -0.15265287  -0.42574966  -0.15265222
    0.046875  -0.86861587   0.14266407   0.13138451   0.14266399
      0.0625  -0.99894607  0.032410406 0.0010540156  0.032410372
    0.078125  -0.99093562  0.051203843  0.009064435  0.051203854
     0.09375  -0.98799652  0.064398646  0.012003779  0.064398639
    0.109375  -0.98276889  0.076919392  0.017230954  0.076919377
       0.125  -0.97676301  0.081133023  0.023236377  0.081133008
    0.140625  -0.96293682  0.085112602  0.037063282  0.085112594
     0.15625  -0.96329015  0.092561238  0.036710154  0.092561208
    0.171875  -0.95451093   0.10197254  0.045488935   0.10197257
      0.1875  -0.94448549   0.10079689  0.055514541   0.10079689
    0.203125  -0.92603111   0.09631931  0.073968925   0.09631931
     0.21875  -0.92146051   0.09257856  0.078539871  0.092578575
    0.234375  -0.91857976   0.09024208  0.081420325  0.090242073
        0.25  -0.91779393  0.092678711   0.08220645  0.092678726
    0.265625  -0.92248875  0.085760318  0.077511616   0.08576031
     0.28125  -0.91850048  0.084938809  0.081499636  0.084938809
    0.296875  -0.91416699  0.089209057  0.085832849  0.089209057
      0.3125  -0.90898544  0.075354949  0.091014124  0.075354949
    0.328125  -0.90509069  0.071496099  0.094909415  0.071496122
     0.34375  -0.90601981  0.072936796  0.093981065  0.072936811
    0.359375  -0.91557395  0.062040128  0.084426045  0.062040128
       0.375  -0.91693664  0.059777323  0.083063208  0.059777338
    0.390625  -0.92950022  0.059983321  0.070499979  0.059983317
     0.40625  -0.94026208  0.061417557  0.059737928  0.061417542
    0.421875  -0.95554203  0.065775298  0.044458408  0.065775312
      0.4375  -0.96923292  0.076956265  0.030766696  0.076956265
    0.453125  -0.97410393  0.091152102  0.025896378  0.091152109
     0.46875  -0.97431946   0.10402738  0.025680633   0.10402738
    0.484375  -0.96817732   0.11019406  0.031822566   0.11019406
         0.5  -0.96511674   0.13224038  0.034883313   0.13224038
    0.515625  -0.96498889   0.15762962    0.0350108   0.15762962
     0.53125  -0.94324505   0.17585292  0.056754678   0.17585292
    0.546875  -0.94497055   0.16677666  0.055029258   0.16677666
      0.5625  -0.94428545   0.16942076  0.055714685   0.16942076
    0.578125  -0.92302185   0.17650823  0.076978199    0.1765082
     0.59375  -0.91838419   0.18130726  0.081616037   0.18130724
    0.609375  -0.91979396   0.16875248  0.080205716   0.16875248
       0.625    -0.910658   0.16496606  0.089341722   0.16496603
    0.640625  -0.89656842   0.17167057   0.10343156   0.17167059
     0.65625  -0.89111054   0.16543527   0.10888938   0.16543525
    0.671875  -0.88000178   0.16278215    0.1199982   0.16278219
      0.6875  -0.87549591   0.17514306   0.12450378   0.17514308
    0.703125   -0.8696034   0.16666216   0.13039644   0.16666222
     0.71875   -0.8825385   0.15975463   0.11746167    0.1597546
    0.734375  -0.88776904   0.15850277   0.11223108   0.15850277
        0.75  -0.87889993   0.14270945   0.12110019   0.14270948
    0.765625  -0.87561297   0.14903113   0.12438683   0.14903112
     0.78125  -0.87629658   0.13616377   0.12370337   0.13616376
    0.796875  -0.87348229   0.13090272   0.12651746   0.13090272
      0.8125  -0.87305468    0.1211611   0.12694512   0.12116111
    0.828125  -0.87419993   0.12157911   0.12579998   0.12157912
     0.84375  -0.88448048   0.12047305    0.1155199   0.12047306
    0.859375  -0.88749069   0.10985741   0.11250935    0.1098574
       0.875  -0.89413738   0.11226034   0.10586312   0.11226036
    0.890625  -0.89144254     0.100274   0.10855769   0.10027402
     0.90625  -0.89246964  0.087331988   0.10753053   0.08733198
    0.921875  -0.90148455  0.082562126  0.098515451  0.082562104
      0.9375   -0.9101485  0.077219151  0.089851178  0.077219121
    0.953125  -0.91602713  0.072745629  0.083972611  0.072745591
     0.96875   -0.9372977  0.063126028   0.06270247  0.063126013
    0.984375  -0.94603628  0.056325119  0.053963974  0.056325071
           1  -0.97105724  0.054147419  0.028942576  0.054147426
    1.015625  -0.98479527  0.056375958  0.015204496  0.056375958
     1.03125  -0.99520856  0.044851694 0.0047917007  0.044851739
    1.046875   -1.0110718  0.041879389 -0.011071607  0.041879386
      1.0625   -1.0285084  0.034162581 -0.028508462  0.034162588
    1.078125   -1.0518199  0.032081798 -0.051820252  0.032081801
     1.09375   -1.0767874  0.028653082 -0.076787598  0.028653052
    1.109375   -1.1077125  0.030105755  -0.10771226  0.030105758
       1.125   -1.1385248  0.032388061  -0.13852534  0.032388035
    1.140625   -1.1748084  0.035003811  -0.17480898  0.035003841
     1.15625   -1.2163867  0.044573162  -0.21638666  0.044573162
    1.171875   -1.2544011  0.047035541  -0.25440118  0.047035556
      1.1875   -1.2947569   0.06376943  -0.29475659  0.063769452
    1.203125   -1.3307743   0.07468234  -0.33077413  0.074682333
     1.21875   -1.3795989  0.098589309  -0.37959835  0.098589316
    1.234375   -1.4272178   0.13012484   -0.4272179   0.13012481
        1.25   -1.4877433   0.17806382  -0.48774329   0.17806384
    1.265625   -1.5385704   0.20294787  -0.53857011    0.2029479
     1.28125   -1.5770042   0.25944269  -0.57700408    0.2594426
    1.296875    -1.633783   0.31303427   -0.6337831   0.31303421
      1.3125   -1.7523506   0.34865394  -0.75235087   0.34865394
    1.328125   -1.9270997   0.37882635  -0.92709994   0.37882638
     1.34375   -2.1206474   0.52506185   -1.1206477   0.52506185
    1.359375   -2.0665307    0.9708634   -1.0665305   0.97086328
       1.375   -1.9550706    1.2920395  -0.95507121    1.2920396
    1.390625   -1.7264881    1.4902978  -0.72648787    1.4902978
     1.40625   -1.4434167     1.626238  -0.44341677     1.626238
    1.421875   -1.2745743    1.6769707  -0.27457425     1.676971
      1.4375   -1.0418426    1.7097217 -0.041842546    1.7097217
    1.453125  -0.86833096    1.7025847   0.13166887    1.7025847
     1.46875  -0.71587539    1.6799212    0.2841244    1.6799212
    1.484375  -0.56036663     1.634594   0.43963346     1.634594
         1.5  -0.39586258    1.5338912   0.60413772    1.5338912
    1.515625  -0.24275278    1.3951395   0.75724721    1.3951395
     1.53125  -0.13854344    1.2972591   0.86145639    1.2972594
    1.546875  -0.13272151    1.2062291   0.86727881    1.2062291
      1.5625  -0.12064604    1.1051793   0.87935346    1.1051794
    1.578125 -0.055911627   0.99388838   0.94408822   0.99388838
     1.59375  -0.01285798     0.946064   0.98714203   0.94606376
    1.609375 0.0018274484   0.88238925    1.0018277   0.88238919
       1.625 -0.004357582   0.81139231   0.99564248   0.81139231
    1.640625 -0.022128323   0.73273093   0.97787142   0.73273093
     1.65625 -0.032443475   0.67912078   0.96755648   0.67912078
    1.671875 -0.056499705   0.63179511   0.94350052   0.63179511
      1.6875 -0.055470962   0.57552695   0.94452894   0.57552695
    1.703125 -0.066875309   0.51562524   0.93312484   0.51562524
     1.71875 -0.069696575   0.46059614   0.93030339   0.46059614
    1.734375  -0.08703465   0.42226246   0.91296548    0.4222624
        1.75 -0.089537546   0.40404683   0.91046226   0.40404686
    1.765625 -0.082847401   0.38016069   0.91715288   0.38016063
     1.78125  -0.11442831   0.33602265   0.88557148   0.33602268
    1.796875  -0.15465988   0.31453341   0.84534007   0.31453341
      1.8125  -0.15936193   0.29672447   0.84063804   0.29672441
    1.828125  -0.16424981   0.24924222   0.83574998   0.24924222
     1.84375   -0.1776028   0.22228469   0.82239741    0.2222847
    1.859375  -0.19241475   0.21079712    0.8075853   0.21079712
       1.875  -0.21034479   0.17960702   0.78965497     0.179607
    1.890625  -0.23468763   0.15548328   0.76531219   0.15548329
     1.90625  -0.24915391   0.14784096   0.75084585   0.14784095
    1.921875  -0.26332358   0.12776987   0.73667669   0.12776989
      1.9375  -0.27463922   0.10841244   0.72536087   0.10841244
    1.953125   -0.2971918  0.098775327   0.70280838   0.09877535
     1.96875  -0.31626719  0.074168146   0.68373275  0.074168161
    1.984375  -0.33004451  0.060312048   0.66995531  0.060312051
           2  -0.35439289  0.046428733   0.64560711  0.046428736
    2.015625   -0.3734704  0.034963846   0.62653017  0.034963857
     2.03125   -0.3867318  0.029799003   0.61326784  0.029798999
    2.046875  -0.40661448  0.022759212    0.5933854  0.022759205
      2.0625  -0.42344156  0.016371081   0.57655841  0.016371081
    2.078125  -0.45083597 -0.002375308   0.54916388 -0.0023753087
     2.09375  -0.46308497 -0.0071155005   0.53691483 -0.0071155094
    2.109375  -0.48456693 -0.0080579706    0.5154326 -0.0080579706
       2.125  -0.51024944 -0.019843662   0.48975101 -0.019843653
    2.140625   -0.5362516  -0.02566532   0.46374825  -0.02566533
     2.15625   -0.5522477 -0.024635019   0.44775233 -0.024635028
    2.171875  -0.56924385 -0.033724312   0.43075621 -0.033724312
      2.1875  -0.59266639 -0.039109178   0.40733391 -0.039109167
    2.203125  -0.60808957 -0.038547248   0.39191014 -0.038547244
     2.21875  -0.62082458 -0.035808899   0.37917522 -0.035808899
    2.234375  -0.64692551  -0.03163315   0.35307458 -0.031633131
        2.25  -0.67324054  -0.02536926   0.32675952 -0.025369279
    2.265625  -0.68247199  -0.02453094   0.31752804 -0.024530955
     2.28125  -0.70426452 -0.031683061   0.29573521 -0.031683061
    2.296875  -0.72314817 -0.019393906   0.27685127 -0.019393904
      2.3125   -0.7325055 -0.00086376333   0.26749441 -0.00086376589
    2.328125  -0.74713981 -8.5085776e-05   0.25286049 -8.5090098e-05
     2.34375  -0.76763272 -0.0019385688   0.23236763 -0.0019385739
    2.359375  -0.78667444 0.0070410338   0.21332553 0.0070410217
       2.375   -0.7984826  0.022165034   0.20151737  0.022165041
    2.390625  -0.82595742  0.050347783   0.17404275   0.05034779
     2.40625  -0.82576442  0.044861354   0.17423554  0.044861339
    2.421875  -0.83342004  0.049900722   0.16658019  0.049900714
      2.4375  -0.85249633  0.073318683   0.14750363  0.073318638
    2.453125  -0.84064543  0.094906434   0.15935448  0.094906427
     2.46875  -0.83579713  0.089024819   0.16420259  0.089024812
    2.484375  -0.86734188  0.090838142    0.1326583  0.090838112
         2.5  -0.84319842   0.11998115   0.15680142   0.11998118
    2.515625  -0.85744661   0.12896736   0.14255336   0.12896737
     2.53125  -0.83391964   0.14320096   0.16608039   0.14320101
    2.546875  -0.81317967   0.10492379   0.18681996   0.10492385
      2.5625  -0.84305179   0.11072669   0.15694796    0.1107267
    2.578125  -0.88055116  0.069618285   0.11944856   0.06961824
     2.59375  -0.89726973  0.032552715   0.10272992  0.032552689
    2.609375  -0.88726169  0.054494083   0.11273821  0.054494083
       2.625  -0.93327218   0.14214502  0.066728078   0.14214501
    2.640625  -0.95327085   0.12484995  0.046729367   0.12484994
     2.65625  -0.90560114   0.18202659  0.094399236   0.18202658
    2.671875  -0.88615888    0.2031932   0.11384139    0.2031932
      2.6875  -0.89153153   0.22222656   0.10846844   0.22222652
    2.703125  -0.86669523   0.16868491   0.13330445   0.16868491
     2.71875  -0.85521972   0.18961969   0.14477994   0.18961975
    2.734375  -0.86307001   0.20765713   0.13692968   0.20765714
        2.75  -0.82876414   0.17431058   0.17123578   0.17431064
    2.765625  -0.86587906    0.1308189   0.13412048    0.1308189
     2.78125  -0.88626772   0.13951248   0.11373208   0.13951248
    2.796875  -0.91133165   0.14488985  0.088668466   0.14488986
      2.8125  -0.91775233   0.14960667  0.082247436   0.14960665
    2.828125  -0.98570663    0.1405113  0.014293401   0.14051126
     2.84375   -0.9688009   0.13087338  0.031198757   0.13087335
    2.859375  -0.99707228   0.13463525 0.0029275939   0.13463527
       2.875    -1.004589  0.085487507 -0.004588827  0.085487537
    2.890625  -0.99564606  0.083330356 0.0043542385  0.083330356
     2.90625   -1.0310498  0.099379256 -0.031049494  0.099379256
    2.921875   -1.0672367   0.12130194  -0.06723661   0.12130193
      2.9375   -1.0474509   0.13584602 -0.047450572   0.13584602
    2.953125   -1.0898086   0.14911611 -0.089808412   0.14911611
     2.96875   -1.1142784   0.18100926  -0.11427856   0.18100929
    2.984375   -1.0941112   0.19742528  -0.09411186   0.19742528
           3   -1.0914887   0.15722319 -0.091488756   0.15722315
    3.015625   -1.0834551   0.20393297 -0.083455309   0.20393293
     3.03125   -1.0905334   0.22639453   -0.0905331   0.22639456
    3.046875   -1.1255188   0.19881392  -0.12551881   0.19881389
      3.0625   -1.1107224   0.20222269  -0.11072247   0.20222268
    3.078125   -1.0956577   0.20689835 -0.095657676   0.20689836
     3.09375    -1.110661   0.19912915  -0.11066086   0.19912912
    3.109375   -1.1684169   0.19467321  -0.16841684    0.1946732
       3.125   -1.2025269   0.19970068  -0.20252717   0.19970071
    3.140625   -1.2035228    0.1900685  -0.20352273    0.1900685
     3.15625   -1.2282716   0.22810578  -0.22827098   0.22810589
    3.171875   -1.2237979   0.28243166  -0.22379836   0.28243169
      3.1875   -1.1798435   0.30016991  -0.17984362   0.30016989
    3.203125   -1.1973678   0.31159535  -0.19736806   0.31159544
     3.21875   -1.2234452   0.25776899  -0.22344537   0.25776878
    3.234375   -1.2686186   0.28300583   -0.2686187   0.28300586
        3.25   -1.3063563   0.34274644  -0.30635613   0.34274641
    3.265625   -1.3305984   0.36904299  -0.33059838   0.36904302
     3.28125   -1.3585073   0.36785617   -0.3585071   0.36785629
    3.296875   -1.2796077    0.3028492  -0.27960792   0.30284947
      3.3125   -1.2335777    0.3789486  -0.23357777    0.3789486
    3.328125   -1.3022095   0.42725664  -0.30220994   0.42725676
     3.34375   -1.3258955   0.46560884  -0.32589585   0.46560892
    3.359375   -1.3614632   0.46339384  -0.36146307    0.4633939
       3.375   -1.4032801    0.4420411  -0.40327969   0.44204083
    3.390625   -1.3694228   0.42069381  -0.36942297   0.42069378
     3.40625   -1.3243943   0.47778833  -0.32439446   0.47778836
    3.421875   -1.4436022    0.5430162  -0.44360194   0.54301625
      3.4375   -1.4515433   0.57713169  -0.45154423   0.57713205
    3.453125   -1.4491267    0.5069347  -0.44912618   0.50693488
     3.46875   -1.4497857   0.53895175  -0.44978553    0.5389514
    3.484375   -1.5225984   0.52277517  -0.52259827   0.52277493
         3.5   -1.4064335    0.5641287  -0.40643317   0.56412888
    3.515625   -1.4414934   0.60263222  -0.44149399   0.60263175
     3.53125   -1.4570293   0.60676181  -0.45702907    0.6067614
    3.546875   -1.4679532   0.67212659    -0.467953   0.67212588
      3.5625   -1.4997444   0.65827596  -0.49974465   0.65827596
    3.578125   -1.3615067   0.68917072  -0.36150718   0.68917167
     3.59375   -1.5119084   0.62805742  -0.51190776   0.62805796
    3.609375    -1.613765   0.66251576  -0.61376488   0.66251558
       3.625   -1.5857737   0.58811581  -0.58577406   0.58811593
    3.640625     -1.56043   0.70253158  -0.56043005   0.70253152
     3.65625   -1.5035872   0.76902944  -0.50358808    0.7690289
    3.671875   -1.5032587   0.80765027  -0.50325835   0.80764985
      3.6875   -1.5286719   0.84030604  -0.52867097   0.84030598
    3.703125   -1.5778189   0.90170282  -0.57782024   0.90170342
     3.71875   -1.6567353   0.94535255  -0.65673554   0.94535309
    3.734375   -1.5447732   0.95802146  -0.54477334   0.95802188
        3.75   -1.4696606   0.95219469  -0.46966061    0.9521935
    3.765625   -1.5053627   0.95506656  -0.50536418   0.95506537
     3.78125   -1.4557693   0.89310622  -0.45576948   0.89310259
    3.796875   -1.5120045    0.9126054   -0.5120042   0.91260582
      3.8125   -1.5228916    1.0545824    -0.522892    1.0545837
    3.828125   -1.4967226    1.1114558  -0.49672523    1.1114546
     3.84375   -1.4087803   0.99558496  -0.40878028   0.99558544
    3.859375    -1.631044    1.0773571  -0.63104296    1.0773584
       3.875   -1.7164034    1.1202811   -0.7164045     1.120281
    3.890625   -1.5622586    1.1292213  -0.56225693    1.1292225
     3.90625   -1.5023882    1.1302097  -0.50238794    1.1302105
    3.921875   -1.4759184    1.0757173  -0.47591969    1.0757179
      3.9375   -1.3637059    1.1267517  -0.36370572    1.1267526
    3.953125   -1.5046999    1.1385285  -0.50469971    1.1385297
     3.96875   -1.5530399     1.147414  -0.55303985    1.1474133
    3.984375   -1.6662352    1.3151208  -0.66623515    1.3151182
           4   -1.6552038    1.3700016   -0.6552031    1.3700007
    4.015625   -1.6103061    1.3753308  -0.61030608    1.3753272
     4.03125    -1.639944    1.4334024  -0.63994437    1.4334023
    4.046875    -1.782706    1.4348532  -0.78270578    1.4348501
      4.0625   -1.6036375    1.3733083  -0.60363835    1.3733087
    4.078125   -1.5768799    1.4656516  -0.57687962    1.4656497
     4.09375   -1.6751055    1.5695668  -0.67510331    1.5695673
    4.109375   -1.5948155    1.6154182  -0.59481663    1.6154159
       4.125   -1.3680512    1.6162616  -0.36804986    1.6162591
    4.140625   -1.5193322    1.5795103  -0.51933491    1.5795053
     4.15625   -1.5960804    1.4818889  -0.59607786    1.4818877
    4.171875   -1.2954154    1.5089325  -0.29541844    1.5089363
      4.1875   -1.2112989    1.5212992  -0.21129483    1.5213001
    4.203125   -1.5485746    1.5763181  -0.54857594    1.5763197
     4.21875   -1.5740982    1.7364677  -0.57410628    1.7364697
    4.234375   -1.5811776    1.7056365  -0.58117992    1.7056307
        4.25   -1.3591478    1.7334118  -0.35915199    1.7334155
    4.265625   -1.2484806    1.7744917  -0.24848273    1.7744941
     4.28125   -1.2078418    1.7687429  -0.20784439    1.7687377
    4.296875   -1.3975005    2.0327008  -0.39749873    2.0326984
      4.3125   -1.4697406    1.9402155  -0.46973619    1.9402105
    4.328125   -1.3210636    1.9953545  -0.32106012     1.995365
     4.34375   -1.1364043    1.9248571  -0.13640505    1.9248588
    4.359375   -1.2096726    1.8620847  -0.20967019    1.8620825
       4.375   -1.1557574    2.0175176  -0.15575096    2.0175114
    4.390625   -1.2881266    2.0278552   -0.2881234    2.0278549
     4.40625    -1.413512    2.1685066  -0.41351655    2.1685102
    4.421875   -1.4501616    2.0407767  -0.45015347    2.0407846
      4.4375   -1.2629128    2.1868105  -0.26290727    2.1868148
    4.453125   -1.2851146    2.2443385  -0.28511766    2.2443342
     4.46875    -1.198186    2.2023215  -0.19818734    2.2023203
    4.484375   -1.2483276    2.2224607  -0.24832873    2.2224629
         4.5   -1.0629466    1.9718995  -0.06294778    1.9718955
    4.515625   -1.0880624    2.1666853 -0.088056222    2.1666865
     4.53125  -0.93973225    2.3064864  0.060270086     2.306495
    4.546875   -1.0375867      2.30211 -0.037575185    2.3021097
      4.5625  -0.95357114    2.3183324  0.046432108    2.3183179
    4.578125   -1.0974107    2.2576933 -0.097411901    2.2576945
     4.59375    -1.062394    2.3668113  -0.06239539    2.3668065
    4.609375  -0.95070302    2.2904167  0.049298815    2.2904184
       4.625   -1.0510712    2.3805382 -0.051074207    2.3805399
    4.640625  -0.87107402    2.4280548   0.12891485    2.4280615
     4.65625  -0.72800016    2.3028324    0.2719917    2.3028305
    4.671875  -0.70770007    2.2729528   0.29229435    2.2729445
      4.6875  -0.80693293    2.6422257   0.19306332    2.6422248
    4.703125   -1.0389353    2.5969379 -0.038940258    2.5969284
     4.71875   -0.8760891    2.5551651   0.12390668    2.5551608
    4.734375  -0.76639265     2.519309   0.23359551    2.5193126
        4.75  -0.79703432     2.818248    0.2029621     2.818234
    4.765625  -0.85200399    2.6422753    0.1479885    2.6422713
     4.78125  -0.94867867    2.5506067  0.051328778    2.5506024
    4.796875  -0.82953036    2.5514076   0.17047077    2.5514061
      4.8125  -0.52918309    2.8935835   0.47082132    2.8935857
    4.828125  -0.59430897    2.8723865   0.40569788    2.8723993
     4.84375  -0.86438686    2.6567411   0.13563085    2.6567378
    4.859375  -0.35626456    2.6511748   0.64373636    2.6511445
       4.875  -0.33371383    2.5316634   0.66628247    2.5316434
    4.890625  -0.48649547    2.5142252   0.51350105    2.5142245
     4.90625   -0.4473758    2.7878273   0.55261439    2.7878211
    4.921875  -0.27423945    2.6618469   0.72576165    2.6618462
      4.9375  -0.10999165    2.5727403   0.89000565    2.5727501
    4.953125    -0.161521    2.8368022   0.83846563    2.8368053
     4.96875  -0.23497878    2.9873695   0.76501197    2.9873936
    4.984375  -0.19721404    2.8386774    0.8028053    2.8386579
           5  -0.19335218    2.9872847   0.80663329    2.9872675
    5.015625  -0.39599752    2.9426839   0.60401654    2.9426885
     5.03125  -0.26270065    2.9480867   0.73730522    2.9480789
    5.046875  0.050176729    2.7591977    1.0501661    2.7592072
      5.0625 -0.032241922    2.9778125   0.96775591    2.9778125
    5.078125   0.14115648    3.0224352    1.1411685    3.0224471
     5.09375  0.072507776    2.9147773    1.0724964    2.9147627
    5.109375  0.010221428    2.7699993    1.0102011    2.7699831
       5.125  0.064911433    2.8773088    1.0649019    2.8773222
    5.140625    0.2707963    2.9025822    1.2708033    2.9025838
     5.15625   0.56824309    2.9364092     1.568225    2.9363937
    5.171875   0.56177682    2.8920591    1.5617763    2.8920543
      5.1875   0.43398491    3.0242343     1.434046    3.0242229
    5.203125   0.55357414    3.1415246    1.5535798    3.1415174
     5.21875   0.62233865    2.9798141    1.6222848    2.9798391
    5.234375   0.63549507     2.919271     1.635486    2.9192824
        5.25   0.53364134    2.8896525    1.5336279    2.8896666
    5.265625   0.78580755    2.8003793    1.7857703    2.8003526
     5.28125   0.74611825    2.9506965    1.7460853    2.9507287
    5.296875   0.75048214    3.1094725    1.7505165    3.1094778
      5.3125   0.90931004    3.0107441    1.9093403    3.0107279
    5.328125    1.1292027    2.9064193    2.1291852    2.9063895
     5.34375   0.92048895    2.9492998    1.9205024    2.9493179
    5.359375   0.76837987    2.8187644    1.7683668    2.8187726
       5.375   0.94292885    2.9099457    1.9429083     2.909955
    5.390625    1.1603117    2.9676573    2.1602879    2.9676762
     5.40625    1.2237936    2.9275005    2.2238097    2.9274571
    5.421875    1.3566886    2.8385367      2.35672    2.8385124
      5.4375    1.4081142    2.8143582    2.4081187    2.8143768
    5.453125    1.3959194      2.84675    2.3959281    2.8467712
     5.46875    1.5700581    2.5276859    2.5700376     2.527688
    5.484375    1.4139379     2.588213    2.4139338    2.5882506
         5.5    1.6268712    2.6842725    2.6268969     2.684233
    5.515625    1.7108253    2.7078395    2.7108829    2.7078309
     5.53125    1.5045063    2.6386073    2.5045438    2.6385765
    5.546875    1.4991109    2.4275596      2.49914    2.4275784
      5.5625    1.7421688    2.4257712    2.7421949    2.4257615
    5.578125    1.7754155    2.4024262    2.7754245    2.4024003
     5.59375     1.966812    2.4874122    2.9668097    2.4873703
    5.609375    1.7840314    2.4930894    2.7840827    2.4930727
       5.625    1.8232872      2.36379    2.8232858    2.3638191
    5.640625    1.8760797    2.1881046    2.8761349     2.188092
     5.65625    1.8890276    2.2626817    2.8890359    2.2626905
    5.671875    1.7982409    2.2892954    2.7982187    2.2893078
      5.6875    1.7525549     2.064837    2.7525983    2.0648715
    5.703125    1.6136527    1.9767897    2.6135705    1.9767487
     5.71875    1.9447929    2.2670262    2.9448366    2.2670767
    5.734375    2.0593321    2.2461393    3.0593612     2.246186
        5.75    2.0795097    2.1955545    3.0795383     2.195529
    5.765625    2.2279742    2.1045077    3.2279248    2.1045668
     5.78125    2.1103556    2.0712867    3.1102092     2.071146
    5.796875    2.1964383     1.979656    3.1964495    1.9796069
      5.8125    2.3631117    2.0221946     3.363091    2.0222147
    5.828125    2.2348177    1.9207382    3.2348034    1.9207742
     5.84375    2.1934636    1.6112604    3.1934724    1.6112827
    5.859375    2.0660272     1.637603     3.065984    1.6375697
       5.875     2.075582    1.8382062    3.0755777    1.8382052
    5.890625     2.266113    1.9082766    3.2661166    1.9082869
     5.90625    2.4507921    1.5968421    3.4507422    1.5968105
    5.921875    2.3273773    1.4388424    3.3273721    1.4388387
      5.9375     2.346477    1.5520163    3.3464668    1.5520688
    5.953125    2.4192791     1.468609    3.4192789     1.468587
     5.96875    2.3645582    1.4516431     3.364521    1.4516124
    5.984375    2.3683767    1.4719468     3.368361    1.4719511
           6    2.2576284    1.3089216    3.2576568    1.3089522
    6.015625     2.260289    1.3251628    3.2602494    1.3251325
     6.03125    2.3347912     1.340726    3.3347659    1.3407729
    6.046875    2.4371226    1.3056283    3.4372151    1.3055819
      6.0625     2.392194    1.2211285    3.3921144       1.2211
    6.078125     2.359689    1.1565329    3.3596735    1.1564554
     6.09375    2.3577895    1.0607953    3.3578415    1.0608021
    6.109375    2.4678628   0.93593019    3.4677939   0.93596095
       6.125    2.3237157    1.0341793    3.3237119    1.0343215
    6.140625    2.3797874     1.008953    3.3797312    1.0089885
     6.15625    2.5479212   0.95078117    3.5479529   0.95088404
    6.171875    2.5239747   0.74223918    3.5239198    0.7422508
      6.1875    2.4250414   0.66026354    3.4249961   0.66035163
    6.203125    2.4463925   0.71034068    3.4464333   0.71030271
     6.21875    2.4521182   0.75568742    3.4524128   0.75568205
    6.234375    2.3659937   0.78532279    3.3661072   0.78527129
        6.25    2.3102889   0.79518652    3.3102715   0.79511279
    6.265625    2.3554249   0.74337775    3.3553979   0.74344152
     6.28125    2.2419944   0.59377116    3.2419071   0.59356099
    6.296875     2.238488   0.56484699    3.2384279   0.56473821
      6.3125    2.2900133   0.51250851    3.2900689   0.51233613
    6.328125    2.2518907   0.42939833     3.251889   0.42936927
     6.34375    2.2261536   0.34865466    3.2262516   0.34860718
    6.359375    2.2179143   0.41427994    3.2180488   0.41429356
       6.375    2.2691915   0.43981364    3.2692671   0.43973604
    6.390625      2.22575   0.33828172    3.2257593   0.33829501
     6.40625    2.1224437   0.18759286    3.1226487   0.18761009
    6.421875     2.139025   0.25270706    3.1391129   0.25260946
      6.4375    2.1276317   0.26031622     3.127825   0.26009431
    6.453125    2.0548379   0.22519408    3.0548487   0.22526388
     6.46875    2.1099064   0.24522632     3.109766   0.24513432
    6.484375    2.1920676   0.19726963     3.192138    0.1970364
         6.5    2.2041454  0.091046169    3.2039912  0.091044024
    6.515625    2.0560062   0.18262114    3.0559673   0.18281783
     6.53125    2.0054548  0.022937674    3.0055377   0.02302257
    6.546875    2.0122311  0.026662312    3.0125315  0.026747311
      6.5625    2.0761261  0.052934181    3.0759749  0.052812986
    6.578125    2.0294752  -0.07712476    3.0297077 -0.077305175
     6.59375    2.0098233 -0.088377416    3.0099237 -0.088488594
    6.609375    1.9626141 0.0087102866     2.962837 0.0087329997
       6.625    1.9074248 0.0020055533    2.9075472 0.0019489815
    6.640625    1.8857083  0.016114719     2.885648  0.016093167
     6.65625    1.9089549 -0.053560838    2.9088235  -0.05349578
    6.671875    1.9826957   -0.1579285    2.9828255  -0.15771334
      6.6875    1.9291693 -0.094549254    2.9288676 -0.094470605
    6.703125    1.8502753  -0.18522307    2.8503187  -0.18536714
     6.71875    1.8600475  -0.21145874    2.8599496  -0.21140644
    6.734375    1.8240068  -0.11980665    2.8240271  -0.11960049
        6.75    1.7140032  -0.17316985    2.7142322  -0.17306644
    6.765625    1.6784344  -0.26304075    2.6783495  -0.26288915
     6.78125    1.6903287  -0.25416374    2.6905222  -0.25416353
    6.796875    1.6702857  -0.33438614    2.6701059  -0.33417401
      6.8125     1.710247  -0.33867237     2.710325  -0.33858716
    6.828125    1.6784862  -0.31828195    2.6784475  -0.31823787
     6.84375    1.6587973  -0.31442252    2.6589627  -0.31433842
    6.859375    1.6539216  -0.20853847     2.653723  -0.20867138
       6.875     1.600807  -0.17443666    2.6005807  -0.17414935
    6.890625    1.7106168  -0.35989547    2.7106934  -0.35974941
     6.90625    1.6042128  -0.39204633    2.6038797  -0.39197373
    6.921875    1.5182557  -0.48544663    2.5178137  -0.48543802
      6.9375    1.6407518  -0.42020538    2.6406064   -0.4203079
    6.953125    1.6285284  -0.30205274    2.6286428  -0.30225599
     6.96875    1.5192798  -0.38249364     2.519223   -0.3823337
    6.984375     1.472442  -0.40650165    2.4720623  -0.40642652
           7     1.503206  -0.32742435    2.5031428  -0.32732975
    7.015625    1.4232134  -0.36560488    2.4234524  -0.36545655
     7.03125    1.3884064  -0.51215655    2.3887563  -0.51173997
    7.046875    1.4028835  -0.50712663    2.4029901  -0.50676358
      7.0625    1.3893229  -0.39397073    2.3892012  -0.39414626
    7.078125    1.3594259  -0.39165747    2.3593893   -0.3918587
     7.09375    1.3212457  -0.48144445     2.321259  -0.48129132
    7.109375    1.3781506  -0.46018806    2.3778362  -0.45995578
       7.125    1.3990035  -0.34248412    2.3985541   -0.3420265
    7.140625    1.4229929  -0.44718525    2.4225602   -0.4471086
     7.15625     1.400551  -0.47568688    2.4004912  -0.47565708
    7.171875    1.3159934  -0.44970739    2.3156469  -0.44934028
      7.1875    1.2675898  -0.53129137    2.2669437  -0.53114432
    7.203125    1.2686511   -0.5456478    2.2683024  -0.54586226
     7.21875    1.2516903  -0.47940251     2.251895  -0.47953442
    7.234375    1.3022518  -0.42134658    2.3025928   -0.4214645
        7.25    1.2758806  -0.39322472    2.2763972  -0.39298293
    7.265625    1.1485989  -0.42901498    2.1489871  -0.42871025
     7.28125    1.0850224  -0.51189762    2.0855851  -0.51187998
    7.296875    1.1054558  -0.49618667    2.1055496  -0.49612224
      7.3125    1.1042579  -0.51813233    2.1046052  -0.51759285
    7.328125    1.1239997  -0.53804761    2.1240528  -0.53758121
     7.34375    1.1449044  -0.53280604    2.1448717   -0.5329144
    7.359375    1.1279702  -0.59199411     2.128124  -0.59195817
       7.375    1.0799637  -0.57194525    2.0800283  -0.57208782
    7.390625    1.1048713  -0.49217209    2.1046882   -0.4922567
     7.40625    1.0611299  -0.49711001    2.0611806  -0.49760544
    7.421875    1.1549462  -0.45406309    2.1546164  -0.45394799
      7.4375    1.0997324  -0.58723813    2.0997944  -0.58779937
    7.453125    1.0711795  -0.66684866    2.0705345  -0.66723257
     7.46875     1.082855  -0.68030328    2.0829589  -0.68054521
    7.484375     1.086754  -0.57529634    2.0858176  -0.57489973
         7.5    1.0571961  -0.54202044    2.0569391  -0.54227203
    7.515625    1.0342866  -0.52177435    2.0346999  -0.52215451
     7.53125    1.0240631   -0.6080367    2.0229542   -0.6087119
    7.546875    1.0198168  -0.60700691    2.0199788   -0.6069988
      7.5625   0.98671877   -0.5296725    1.9869171  -0.52992022
    7.578125   0.92854726  -0.56897646     1.929085  -0.56819952
     7.59375   0.88551408  -0.60348117    1.8846145  -0.60321921
    7.609375   0.89783138  -0.62016386    1.8973483  -0.62024409
       7.625   0.94127417  -0.67939836    1.9410232  -0.67962611
    7.640625   0.95870918  -0.63417804     1.959131  -0.63485706
     7.65625   0.85216498  -0.56985849    1.8530838  -0.57011902
    7.671875   0.83854771  -0.65218556    1.8381633  -0.65145558
      7.6875   0.91636837  -0.60567367    1.9171454  -0.60533112
    7.703125   0.94827741  -0.56514966    1.9483274  -0.56502753
     7.71875   0.86934757  -0.61848241    1.8690665  -0.61736041
    7.734375   0.92312485  -0.56309396    1.9234619  -0.56245446
        7.75   0.87796605  -0.59404153    1.8781012  -0.59417856
    7.765625   0.80931097  -0.60299182    1.8087896  -0.60227633
     7.78125   0.72056967  -0.58518291    1.7202125  -0.58452511
    7.796875   0.74804699  -0.55943274    1.7476734  -0.56027192
      7.8125   0.78556997   -0.6008963    1.7851458  -0.60017174
    7.828125   0.83528084   -0.6107108     1.835555  -0.61040598
     7.84375   0.81347191  -0.60579157    1.8132998  -0.60619235
    7.859375   0.79679257  -0.66415834    1.7974064  -0.66491491
       7.875   0.74374247  -0.60047531    1.7438982  -0.60000432
    7.890625   0.75089025   -0.6747734    1.7515013  -0.67490077
     7.90625   0.73378021  -0.63877833    1.7341783  -0.63855243
    7.921875   0.73429793  -0.57803953    1.7344584  -0.57772344
      7.9375   0.79536551  -0.57504839    1.7948971   -0.5758552
    7.953125   0.75044674  -0.55822462    1.7499323   -0.5582189
     7.96875   0.71019733  -0.54801077    1.7102679  -0.54621583
    7.984375   0.69092143  -0.56699795    1.6898203  -0.56650561
           8   0.62748355  -0.62528443    1.6267574  -0.62532246
    8.015625   0.53241372  -0.62730616    1.5325866  -0.62728399
     8.03125    0.6949234  -0.59060806    1.6955286  -0.59066111
    8.046875   0.77513129  -0.64691186    1.7757603  -0.64709687
      8.0625   0.64887452  -0.64598781    1.6494122   -0.6453051
    8.078125   0.64692265  -0.57329118     1.647053  -0.57246685
     8.09375   0.60155457  -0.57354671    1.6007093   -0.5730831
    8.109375   0.50578004  -0.60762155    1.5069557   -0.6060971
       8.125   0.54962218  -0.62006074    1.5500723  -0.61966014
    8.140625   0.61976182  -0.64235491    1.6196152  -0.64284128
     8.15625    0.6271503  -0.63369644    1.6268505   -0.6340788
    8.171875   0.64838183  -0.53575313    1.6481763  -0.53565222
      8.1875   0.63530761  -0.58360732    1.6341162  -0.58449256
    8.203125   0.59221792  -0.63734251    1.5927709  -0.63634765
     8.21875   0.55139583  -0.60030848     1.551514  -0.60105908
    8.234375   0.53841776  -0.56345934    1.5379504  -0.56071746
        8.25   0.51310033  -0.50190145    1.5129865   -0.5017553
    8.265625   0.56898165  -0.51813275    1.5682214  -0.51765001
     8.28125   0.58235377  -0.70146322    1.5830541  -0.70077926
    8.296875   0.56156641  -0.71185893    1.5622555  -0.71228969
      8.3125   0.49366647   -0.7106263    1.4927588  -0.71040106
    8.328125   0.53557527  -0.75469899    1.5348699  -0.75558305
     8.34375   0.65069318  -0.63940865    1.6499069  -0.64031714
    8.359375   0.61694962  -0.63178909     1.615615  -0.63319486
       8.375    0.4249621  -0.67077488     1.424632  -0.66931486
    8.390625   0.43225721  -0.68596375    1.4326402  -0.68461305
     8.40625   0.44122127  -0.68857789    1.4387546  -0.68776602
    8.421875   0.40519974  -0.59179193    1.4048185  -0.59038132
      8.4375   0.40311423  -0.38959229    1.4025689  -0.39037567
    8.453125   0.47081694  -0.52433085      1.46828  -0.52399045
     8.46875   0.43814033  -0.61485249     1.437253  -0.61616051
    8.484375   0.48474526  -0.60569441    1.4862342  -0.60548496
         8.5   0.44068393  -0.55908525    1.4424748  -0.55978858
    8.515625   0.37854859  -0.68494451    1.3773807  -0.68422621
     8.53125   0.42866573  -0.68183851    1.4275378  -0.68230915
    8.546875   0.38175556  -0.58933413    1.3820368  -0.59170973
      8.5625   0.32905626  -0.57601988    1.3293275   -0.5744893
    8.578125   0.29859111  -0.67185462     1.296927  -0.67004323
     8.59375   0.37202841   -0.7155295    1.3724897  -0.71590674
    8.609375   0.30923352  -0.69662786    1.3100007  -0.69775903
       8.625   0.26876229  -0.68417585    1.2687833  -0.68427438
    8.640625   0.37040839  -0.64322615    1.3698893  -0.64276046
     8.65625   0.43266037  -0.60812235    1.4313575  -0.60863137
    8.671875    0.4229511  -0.54682797    1.4222411  -0.54606289
      8.6875   0.35879269  -0.62526149    1.3612638  -0.62621939
    8.703125   0.29506165  -0.71095395    1.2955331   -0.7120533
     8.71875   0.24825868   -0.6217078    1.2495854  -0.62054145
    8.734375   0.26782027  -0.48927385    1.2673358  -0.49089453
        8.75   0.29797742  -0.49287558    1.2968805  -0.49332601
    8.765625   0.19635612  -0.59018356    1.1946609  -0.58912063
     8.78125   0.27209336  -0.49961624    1.2731912  -0.49948356
    8.796875   0.20865551  -0.46003556     1.207684  -0.45879975
      8.8125    0.1572787  -0.55245143    1.1567917  -0.55348146
    8.828125   0.19357464  -0.49889123     1.191947  -0.49832004
     8.84375   0.26838788  -0.50934124    1.2677803  -0.51100606
    8.859375   0.36448815  -0.52042508    1.3650783   -0.5188157
       8.875   0.38993523  -0.59660047    1.3876971  -0.59811127
    8.890625   0.32259998  -0.46391624    1.3203993  -0.46421582
     8.90625   0.19794419  -0.52589655    1.1964225  -0.52881628
    8.921875   0.24047479    -0.541363    1.2396113  -0.53748977
      8.9375   0.26036629  -0.53399628     1.258939  -0.53329843
    8.953125    0.1833344  -0.57846719    1.1857184  -0.57753688
     8.96875   0.10000698  -0.62937939    1.1018795  -0.63135797
    8.984375   0.23650368  -0.50585026    1.2366987  -0.50563592
           9   0.14788114  -0.53261918    1.1461469  -0.53334522
    9.015625   0.16884212  -0.44708574    1.1691369  -0.44673467
     9.03125  0.099923551  -0.43211669    1.1004711  -0.43262365
    9.046875    0.1314463  -0.49405318    1.1326414  -0.49227729
      9.0625   0.17646705  -0.48497713    1.1772219  -0.48402071
    9.078125   0.29454905  -0.49927485    1.2981685  -0.49898407
     9.09375   0.35317457  -0.49550518    1.3539273  -0.49272138
    9.109375  0.093084946  -0.56198239    1.0903829  -0.56155074
       9.125  -0.07245329   -0.6308291   0.92880356  -0.63072014
    9.140625 -0.038832065   -0.6908921    0.9644767  -0.68774003
     9.15625   0.12091234  -0.69762963    1.1210254  -0.69847959
    9.171875   0.16607593  -0.53648406    1.1657469  -0.53629059
      9.1875   0.11257087  -0.51360035    1.1137855  -0.51345086
    9.203125  0.052090138  -0.39882922    1.0530971  -0.39433524
     9.21875   0.13805686   -0.3838695    1.1373007  -0.38410595
    9.234375  0.060070723  -0.50448704    1.0618784  -0.50860316
        9.25  0.022024879  -0.51099104    1.0230343  -0.51168478
    9.265625  0.015927974  -0.38550562    1.0163876   -0.3843548
     9.28125  0.023011282  -0.32389203    1.0219611  -0.32253355
    9.296875  0.018712645  -0.29440731    1.0180477  -0.29647341
      9.3125  0.057097387  -0.48272222    1.0568262  -0.48179609
    9.328125   0.12734878  -0.62600785    1.1272594  -0.62702322
     9.34375 -0.080991618  -0.48256761   0.91877013  -0.48787045
    9.359375  -0.13041873   -0.4020043   0.86669075  -0.40054071
       9.375  0.043205101  -0.37481382    1.0397532   -0.3752079
    9.390625 -0.033607252  -0.41666964   0.96464813  -0.41555953
     9.40625 -0.040146179  -0.35819757   0.96017766  -0.35552672
    9.421875 -0.076568492  -0.37098935     0.924321  -0.37096536
      9.4375 -0.053502854  -0.37961063   0.95078278  -0.37780422
    9.453125  -0.13416331  -0.43371227   0.86555415  -0.43712968
     9.46875   -0.1939083  -0.39181623   0.80559415  -0.39107728
    9.484375  -0.20720227  -0.19608554   0.79008454  -0.19690007
         9.5  -0.13590385  -0.24418186   0.86400425  -0.24294309
    9.515625 -0.066886961  -0.21101193   0.93771446  -0.21547367
     9.53125  -0.19332768  -0.11017546   0.80491281  -0.10924666
    9.546875  -0.19936639  -0.14471181   0.80196369  -0.14316553
      9.5625  -0.12140389  -0.11467242   0.87725985  -0.11403854
    9.578125  -0.18953915 -0.0050675338   0.80822515 -0.002461727
     9.59375 -0.055015825 -0.0012631048   0.94241762 -0.00017025093
    9.609375  -0.04771816  0.076371692   0.94787717  0.074179836
       9.625 -0.081486352  0.065167986   0.91755843  0.064809956
    9.640625 -0.043497108 -0.015929338   0.96145332 -0.012143398
     9.65625 -0.093669772  0.071414329   0.90873289   0.07478521
    9.671875  -0.14427985  0.061969928   0.85625559  0.058233552
      9.6875  -0.27106777 -0.028413098   0.73368049 -0.025309324
    9.703125  -0.18052536   0.10535374   0.82003981  0.099195838
     9.71875 -0.023999779    0.3293899   0.97284693   0.32373852
    9.734375  -0.11860004   0.33743367    0.8824212    0.3426013
        9.75  0.034625214    0.2723676    1.0383071   0.27360091
    9.765625    0.1103889 0.0013512642    1.1084038 0.0069898949
     9.78125 -0.021397563  0.060862165   0.97518259  0.059865423
    9.796875    0.1447095 -0.051278837    1.1398938 -0.052289799
      9.8125 -0.021736637 -0.054643627    0.9755553 -0.056439832
    9.828125 -0.016632965  0.019386804   0.98207635   0.02378423
     9.84375 -0.092053652   0.18297246   0.91017169   0.18283007
    9.859375 -0.0089748856   0.20995916   0.98717612   0.21331929
       9.875 -0.041835506   0.19238512   0.95821911   0.19196074
    9.890625 -0.078473412    0.2286654   0.92393494   0.22917853
     9.90625 -0.031075817   0.38310096   0.96568155   0.38416404
    9.921875  0.021360017   0.40980804    1.0205001   0.40752864
      9.9375   0.18584214   0.33229068     1.186169   0.33933154
    9.953125   0.23223728   0.36668965    1.2295159    0.3727791
     9.96875   0.19914964   0.48002088    1.2015212   0.48022938
    9.984375   0.39638907   0.13634489     1.399163   0.13402893
          10   0.97464114   0.10577899    1.9708821   0.10065003