           0   0.97594458  0.069673866
    0.015625   0.95023435   0.03392943
     0.03125   0.11906475  0.013268842
    0.046875   0.40085894  0.031457599
      0.0625   0.97833622  0.045379907
    0.078125   0.99761951    0.5350619
     0.09375   0.99879223   0.78351706
    0.109375   0.99900389   0.86506104
       0.125   0.99774116   0.76613224
    0.140625   0.99627602    0.7115733
     0.15625   0.99676222   0.76519912
    0.171875   0.99830663   0.88862395
      0.1875   0.99874353   0.92105472
    0.203125   0.99928612   0.95969397
     0.21875   0.99944395     0.968624
    0.234375   0.99892884   0.94174182
        0.25   0.99757612   0.88123852
    0.265625   0.99624455   0.80505049
     0.28125   0.99705374   0.84641379
    0.296875   0.99798423   0.89994746
      0.3125   0.99752378   0.87117457
    0.328125   0.99656254   0.83237654
     0.34375   0.99618131   0.81711507
    0.359375    0.9973737   0.83195847
       0.375   0.99814981   0.86999935
    0.390625   0.99899614   0.90766627
     0.40625   0.99938005   0.93024743
    0.421875   0.99962771   0.94857121
      0.4375   0.99972707   0.96385664
    0.453125   0.99966544   0.96557379
     0.46875   0.99905145   0.92643851
    0.484375   0.99632859   0.78992516
         0.5   0.99354976   0.75222999
    0.515625   0.99036324   0.73703414
     0.53125   0.98555851   0.71681243
    0.546875   0.98866022    0.7449283
      0.5625   0.99022543   0.77782971
    0.578125   0.99078077   0.81859422
     0.59375   0.99073988   0.82836205
    0.609375   0.99242765   0.83954191
       0.625    0.9925499   0.84555447
    0.640625   0.99431676   0.89399397
     0.65625   0.99524742    0.9090876
    0.671875   0.99547768    0.9183048
      0.6875   0.99540544   0.92620265
    0.703125   0.99515414   0.92144614
     0.71875   0.99499315   0.90666091
    0.734375   0.99502951   0.90276563
        0.75   0.99355936   0.87205672
    0.765625   0.99320072   0.87464619
     0.78125   0.99360096   0.86983043
    0.796875   0.99431062   0.88130313
      0.8125   0.99554366   0.89853102
    0.828125   0.99573356   0.90167546
     0.84375   0.99570739   0.89022452
    0.859375   0.99652302   0.89859599
       0.875   0.99640095   0.89029032
    0.890625   0.99556857     0.859088
     0.90625   0.99472618   0.81822395
    0.921875   0.99626201   0.84308791
      0.9375   0.99580693    0.7998265
    0.953125    0.9962638   0.79583043
     0.96875    0.9967379   0.73267603
    0.984375   0.99622011   0.64097035
           1   0.99683946   0.55696869
    1.015625   0.99708951   0.54558277
     1.03125   0.99694026   0.40043855
    1.046875   0.99744284    0.4167816
      1.0625   0.99682933    0.3701885
    1.078125   0.99626702   0.47236037
     1.09375   0.99723351   0.67606974
    1.109375   0.99790406   0.82903534
       1.125   0.99826461   0.89981407
    1.140625   0.99811572   0.92419845
     1.15625   0.99836046   0.95251346
    1.171875   0.99850708   0.96600705
      1.1875   0.99894112    0.9807843
    1.203125   0.99841899   0.97611666
     1.21875   0.99816751    0.9776774
    1.234375    0.9976595   0.97641492
        1.25   0.99656665   0.97211057
    1.265625   0.99663031   0.97600448
     1.28125   0.99637783   0.97732371
    1.296875    0.9941116   0.96823931
      1.3125   0.98815411   0.94727987
    1.328125   0.98308748    0.9379493
     1.34375   0.96384346   0.89533156
    1.359375   0.96453017    0.9156118
       1.375    0.9739784   0.94622248
    1.390625    0.9624989   0.93133146
     1.40625    0.9711501   0.95289391
    1.421875   0.97357595   0.95996714
      1.4375   0.97635376   0.96787447
    1.453125   0.98037577   0.97553974
     1.46875   0.97582066   0.97232354
    1.484375   0.97135061   0.97017938
         1.5   0.96636701   0.96886414
    1.515625    0.9547981   0.96369267
     1.53125   0.96555668   0.97557378
    1.546875   0.97074318   0.98028809
      1.5625   0.95548278   0.97194028
    1.578125   0.95733792   0.97703922
     1.59375   0.97165197   0.98622173
    1.609375   0.96751964   0.98554641
       1.625   0.95072728   0.97973508
    1.640625    0.9533239   0.98268372
     1.65625   0.93930984   0.97907329
    1.671875   0.93664956   0.97933018
      1.6875   0.92453748   0.97818178
    1.703125   0.90454948    0.9755159
     1.71875   0.93388784   0.98594427
    1.734375   0.90839291   0.98181093
        1.75   0.90743572   0.98269653
    1.765625   0.92236555   0.98723847
     1.78125   0.88901043   0.98276728
    1.796875   0.90284622    0.9840098
      1.8125   0.90126693   0.98460269
    1.828125   0.88737869   0.98534954
     1.84375   0.90194142   0.98801857
    1.859375   0.90317601   0.98761988
       1.875   0.91273564   0.98896962
    1.890625   0.92559028   0.98966068
     1.90625   0.93300563   0.98981285
    1.921875   0.94546944   0.99123931
      1.9375   0.94494867    0.9906466
    1.953125   0.94450861    0.9886896
     1.96875   0.96577942   0.99215716
    1.984375   0.96890688   0.99207979
           2   0.96683186   0.98964804
    2.015625    0.9783349   0.99215001
     2.03125   0.98369414   0.99342811
    2.046875   0.98880589   0.99470365
      2.0625   0.98776621   0.99335974
    2.078125   0.98785454   0.99178231
     2.09375   0.99309385    0.9948529
    2.109375   0.99263215   0.99348217
       2.125   0.99509156   0.99467528
    2.140625   0.99446929   0.99262381
     2.15625   0.99587232   0.99374038
    2.171875   0.99548882   0.99216837
      2.1875   0.99542421    0.9904086
    2.203125   0.99577153    0.9899379
     2.21875    0.9957667   0.98879337
    2.234375   0.99385697    0.9797821
        2.25   0.99507231   0.97950262
    2.265625   0.99417818   0.97377908
     2.28125   0.99319005   0.96291137
    2.296875   0.99402171   0.96074492
      2.3125   0.99254876   0.94670576
    2.328125   0.99047047   0.92250615
     2.34375   0.99004173   0.90109277
    2.359375   0.98812115   0.85961479
       2.375   0.98070818   0.76605582
    2.390625   0.98052639   0.70706636
     2.40625   0.98014796   0.70032579
    2.421875   0.97320467   0.61172825
      2.4375   0.96861166   0.53350717
    2.453125   0.95526332   0.50650704
     2.46875   0.93541527    0.4169879
    2.484375   0.93560368    0.3305755
         2.5   0.93495685   0.43582162
    2.515625   0.92964733   0.39375028
     2.53125   0.89622664   0.36713296
    2.546875   0.89668536   0.37214527
      2.5625   0.88364756   0.27929708
    2.578125    0.8629483   0.13364409
     2.59375   0.84932625  0.075103864
    2.609375   0.81572723  0.080744781
       2.625   0.83361137   0.12174175
    2.640625   0.81908095  0.080073848
     2.65625   0.80958176   0.17321408
    2.671875   0.84295535   0.26050547
      2.6875   0.87467265   0.33578119
    2.703125   0.87435681   0.29209292
     2.71875   0.84824091   0.29307723
    2.734375   0.82648176   0.27218574
        2.75    0.8510139   0.32226273
    2.765625   0.86469328   0.22631875
     2.78125    0.8600477   0.19830032
    2.796875   0.92631793   0.29874524
      2.8125   0.93551588   0.32842883
    2.828125   0.91189754   0.17236769
     2.84375   0.92462832   0.18854402
    2.859375   0.94555342   0.23729721
       2.875   0.95169097   0.12437414
    2.890625   0.94235665   0.10235673
     2.90625   0.94533575   0.14873424
    2.921875   0.95687228   0.27002248
      2.9375   0.96336985   0.32801339
    2.953125   0.95788103   0.36287582
     2.96875   0.96456385   0.49463362
    2.984375   0.96539742    0.5191623
           3   0.97019863   0.46972832
    3.015625   0.96659166   0.53612703
     3.03125   0.96944648     0.603266
    3.046875   0.96326202    0.5259729
      3.0625   0.95573896   0.47381857
    3.078125   0.94933879   0.43918291
     3.09375    0.9394111   0.38724956
    3.109375   0.95464903   0.49852443
       3.125   0.96352392   0.58984584
    3.140625   0.95770425   0.54186493
     3.15625   0.96009272    0.6161654
    3.171875   0.93048072   0.52421695
      3.1875    0.9280079   0.51572531
    3.203125   0.94345939   0.59725779
     3.21875   0.92268378   0.47044799
    3.234375   0.94184434   0.59340173
        3.25   0.95170206   0.69539577
    3.265625   0.94486499   0.68812919
     3.28125   0.94484192   0.69527388
    3.296875   0.92947197   0.56425381
      3.3125   0.91566747   0.56370032
    3.328125   0.92406988   0.63957989
     3.34375   0.93318105   0.69551945
    3.359375   0.92608851   0.67661864
       3.375   0.90484297   0.61132139
    3.390625   0.88550889   0.54155552
     3.40625   0.88708967   0.56930584
    3.421875   0.89854926   0.64670724
      3.4375   0.90320939   0.67251498
    3.453125   0.90016675   0.63699514
     3.46875   0.87473094   0.58988136
    3.484375   0.88074571    0.6089344
         3.5   0.88644874   0.62171131
    3.515625    0.8650614   0.59442657
     3.53125   0.88654041   0.64412314
    3.546875   0.86794871   0.62843204
      3.5625   0.88104594   0.65349609
    3.578125   0.89242941   0.68331504
     3.59375   0.86542368   0.61166745
    3.609375   0.88445282   0.67229867
       3.625   0.89988667    0.6840502
    3.640625    0.8810029   0.67124498
     3.65625   0.87710476   0.67891699
    3.671875   0.87252635   0.68035799
      3.6875   0.86875296   0.68192947
    3.703125   0.82129645   0.61480486
     3.71875   0.85126555   0.67577219
    3.734375   0.85423523   0.68296719
        3.75   0.83373362    0.6482935
    3.765625   0.83167791   0.64476985
     3.78125    0.8675493   0.69302028
    3.796875   0.85852027   0.68054903
      3.8125   0.86456794   0.72049361
    3.828125   0.81466365    0.6521039
     3.84375     0.787682   0.59083819
    3.859375   0.86099666    0.7164818
       3.875   0.84773415   0.70090193
    3.890625   0.82851183   0.67415911
     3.90625   0.76694399   0.58750576
    3.921875   0.78435719   0.60141391
      3.9375   0.81273597    0.6603567
    3.953125   0.82865721   0.67812234
     3.96875   0.82429659   0.67120469
    3.984375   0.83601063   0.71089649
           4   0.82504022   0.70199376
    4.015625   0.84658062   0.73585105
     4.03125   0.81216013   0.69191122
    4.046875   0.84334987   0.73306948
      4.0625   0.77265984   0.63177973
    4.078125   0.74268293   0.60707247
     4.09375   0.74057376    0.6126256
    4.109375   0.78885365    0.6823892
       4.125   0.79995191   0.71018863
    4.140625   0.76687974   0.65438265
     4.15625   0.74312735   0.60876518
    4.171875   0.74274749   0.63314831
      4.1875   0.73236245   0.63058591
    4.203125   0.72636187   0.60229015
     4.21875   0.76439393   0.66393554
    4.234375   0.76000261    0.6552698
        4.25   0.70612806   0.60813373
    4.265625   0.73531467   0.65453768
     4.28125   0.73244715   0.65430516
    4.296875   0.76918072   0.70143342
      4.3125   0.72109318   0.63491011
    4.328125   0.66840649   0.58978242
     4.34375   0.72522706   0.66296011
    4.359375   0.74131328   0.67113721
       4.375   0.66918576   0.60507083
    4.390625   0.73078924   0.66366082
     4.40625   0.73567724   0.66935331
    4.421875   0.71812123   0.63967294
      4.4375   0.71992093   0.66163999
    4.453125   0.69840306   0.63925129
     4.46875   0.72650099   0.67386949
    4.484375   0.71567726    0.6595571
         4.5    0.6470421   0.58709967
    4.515625   0.67577505   0.62508291
     4.53125   0.73454225   0.70368236
    4.546875   0.67350334   0.63167548
      4.5625   0.71952921   0.68701571
    4.578125   0.71996605   0.67569453
     4.59375   0.74497724   0.70871031
    4.609375    0.6936025   0.65892869
       4.625   0.69345087   0.65445149
    4.640625   0.71402234   0.68927777
     4.65625   0.69303775   0.67545205
    4.671875    0.6929577   0.67652845
      4.6875   0.75553918   0.73972523
    4.703125    0.7227059   0.69203943
     4.71875   0.74777776   0.72670913
    4.734375   0.69361401   0.67636943
        4.75    0.7541424   0.74059027
    4.765625   0.73720896   0.71823478
     4.78125   0.72627175   0.69985461
    4.796875   0.78998792   0.77360946
      4.8125   0.79075956   0.78963786
    4.828125   0.75218803   0.74803442
     4.84375   0.69399691   0.67279333
    4.859375   0.73062396   0.73829985
       4.875   0.72201353   0.73188227
    4.890625   0.72438753   0.72521037
     4.90625    0.7514317    0.7538721
    4.921875   0.77421564   0.78472954
      4.9375   0.79126048   0.80903971
    4.953125   0.82073176    0.8322736
     4.96875   0.79980969   0.80883968
    4.984375   0.75231814   0.76551008
           5   0.81873947   0.82835478
    5.015625   0.85807604   0.86088926
     5.03125   0.83434701   0.84150541
    5.046875   0.80605716    0.8262853
      5.0625    0.8256129   0.83959198
    5.078125   0.84140015   0.85812372
     5.09375   0.83210319   0.84902406
    5.109375   0.78938121   0.80939531
       5.125   0.79964483   0.81934953
    5.140625   0.77892566   0.80628854
     5.15625   0.82914138   0.85738134
    5.171875   0.76151556   0.79897076
      5.1875   0.75739163   0.78932601
    5.203125   0.81385374   0.84069997
     5.21875   0.83570158   0.86336064
    5.234375   0.87806433   0.90033334
        5.25   0.84711641   0.87289429
    5.265625    0.8383733   0.87118971
     5.28125   0.84166557   0.87089473
    5.296875   0.85976291    0.8841182
      5.3125   0.85646838   0.88462615
    5.328125   0.82406461   0.86213279
     5.34375   0.86231035   0.89043462
    5.359375   0.88274592   0.90711313
       5.375   0.88150704   0.90683806
    5.390625   0.86300111   0.89316094
     5.40625   0.85866839   0.89078349
    5.421875   0.88508993   0.91373152
      5.4375   0.89771456   0.92401356
    5.453125   0.86551225   0.89862305
     5.46875   0.86623913   0.90479976
    5.484375   0.86746442   0.90408343
         5.5   0.88890654   0.91971904
    5.515625   0.88208193   0.91456515
     5.53125   0.83288348   0.87728786
    5.546875   0.84038895   0.88700879
      5.5625   0.81099319   0.86573577
    5.578125    0.8018651   0.85936761
     5.59375    0.8386398   0.88567752
    5.609375   0.84997702    0.8938331
       5.625   0.84123451   0.88963979
    5.640625   0.85643458   0.90364856
     5.65625   0.82637537    0.8806414
    5.671875   0.83666503   0.88763905
      5.6875   0.80015492   0.86601508
    5.703125   0.77397335   0.84955448
     5.71875   0.84247398   0.89223993
    5.734375   0.85564679   0.90190768
        5.75   0.86526549   0.90945649
    5.765625   0.89421779   0.93037987
     5.78125   0.88682467   0.92599547
    5.796875   0.85765153   0.90689719
      5.8125   0.85520649    0.9038651
    5.828125   0.86324632   0.91141361
     5.84375   0.83249003   0.89567441
    5.859375   0.84208226    0.9026292
       5.875   0.87659812   0.92227072
    5.890625   0.85198712   0.90370888
     5.90625   0.85717863   0.91024435
    5.921875   0.87074113   0.92202336
      5.9375   0.87894785   0.92583829
    5.953125   0.85036159   0.90762401
     5.96875   0.87139302    0.9219678
    5.984375   0.88872802   0.93279248
           6   0.87148994   0.92466187
    6.015625   0.87850302   0.92879409
     6.03125   0.84765184   0.90838885
    6.046875   0.87855422   0.92749983
      6.0625   0.89646828   0.93976945
    6.078125   0.88415778   0.93311304
     6.09375   0.86896229   0.92483991
    6.109375   0.90110421   0.94405323
       6.125   0.88613832   0.93581539
    6.140625   0.87874389   0.93101948
     6.15625   0.89292693   0.93830717
    6.171875   0.90791035    0.9486289
      6.1875   0.89506572   0.94262296
    6.203125   0.92345262   0.95838702
     6.21875    0.8975457   0.94320959
    6.234375   0.86933005   0.92748231
        6.25   0.87601078   0.93206018
    6.265625   0.89931858   0.94534087
     6.28125   0.88503677   0.93955684
    6.296875   0.89454907   0.94503057
      6.3125   0.87576717    0.9341709
    6.328125   0.88439095   0.93997014
     6.34375   0.86648363   0.93083662
    6.359375   0.88653427   0.94172406
       6.375   0.88738376   0.94135278
    6.390625   0.89402425   0.94596016
     6.40625   0.85950381   0.92950624
    6.421875   0.83761197    0.9168179
      6.4375   0.87009746   0.93493897
    6.453125   0.88279396   0.94295937
     6.46875   0.87949628   0.94027132
    6.484375   0.90125459   0.95069015
         6.5   0.89758164   0.94870627
    6.515625   0.84716737   0.92422867
     6.53125   0.90795612   0.95682395
    6.546875   0.87020695   0.93758351
      6.5625   0.82718706   0.91299868
    6.578125   0.85528433   0.92938882
     6.59375   0.87585938   0.94050109
    6.609375   0.86739773   0.93712288
       6.625   0.85811824   0.93360156
    6.640625   0.86720121   0.93858516
     6.65625    0.8662743   0.93766105
    6.671875   0.87802196   0.94197941
      6.6875   0.84978563   0.92872173
    6.703125   0.85558242   0.93317723
     6.71875   0.85645497    0.9333148
    6.734375   0.88808638   0.94990987
        6.75   0.87974888    0.9480409
    6.765625   0.84023124   0.92953533
     6.78125   0.85518283   0.93659371
    6.796875   0.86339504   0.94032544
      6.8125   0.86247849   0.93893909
    6.828125   0.87908828   0.94773322
     6.84375    0.8840664   0.95044851
    6.859375   0.88184559   0.95005667
       6.875   0.85030144   0.93704277
    6.890625   0.88875979   0.95135969
     6.90625   0.89658332   0.95661557
    6.921875   0.83226341   0.92781502
      6.9375   0.87352651   0.94511181
    6.953125   0.88313073   0.95070034
     6.96875   0.84608692   0.93561906
    6.984375   0.84972191   0.93822676
           7   0.86643463   0.94581318
    7.015625   0.82678384   0.92992783
     7.03125   0.83273137   0.93140256
    7.046875   0.83684319   0.93304884
      7.0625   0.85423183   0.94276661
    7.078125   0.86109823   0.94657457
     7.09375   0.89252281   0.95933121
    7.109375   0.88664836   0.95603395
       7.125   0.89228541   0.95906597
    7.140625   0.89270133   0.95773947
     7.15625   0.88969451   0.95661968
    7.171875   0.78853512   0.91461867
      7.1875   0.77239549   0.90671724
    7.203125   0.84187055   0.93816644
     7.21875   0.79985893   0.92184991
    7.234375   0.83173001   0.93531322
        7.25   0.83956587   0.93997979
    7.265625    0.8419742   0.94447803
     7.28125    0.8236922   0.93732595
    7.296875   0.79335642   0.92454338
      7.3125   0.79986089   0.92667878
    7.328125   0.79256862   0.92179042
     7.34375   0.85175246   0.94623131
    7.359375   0.83912843   0.94011569
       7.375   0.79277092   0.92268914
    7.390625   0.81829751   0.93493068
     7.40625   0.81193382   0.93389285
    7.421875   0.81741041   0.93379313
      7.4375   0.80115837   0.92483962
    7.453125   0.86604959    0.9505983
     7.46875   0.88729823   0.95850623
    7.484375   0.85785675   0.94917589
         7.5   0.81464428   0.93356282
    7.515625   0.77463198   0.91864574
     7.53125   0.81447101   0.93256658
    7.546875   0.80025041    0.9266963
      7.5625   0.76837957   0.91829026
    7.578125   0.78324252   0.92483079
     7.59375   0.78048164    0.9238432
    7.609375   0.80382085   0.93203944
       7.625   0.80209655   0.92703784
    7.640625   0.83101368   0.94032305
     7.65625   0.80816633   0.93772399
    7.671875   0.83548421   0.94478697
      7.6875   0.82263166   0.93951994
    7.703125   0.80382806   0.93256742
     7.71875   0.70856875   0.89212704
    7.734375   0.73116964   0.90340406
        7.75   0.82999194   0.94406468
    7.765625   0.81203592   0.93890488
     7.78125   0.74650055    0.9183476
    7.796875   0.77611089   0.93056887
      7.8125   0.83771741   0.94909418
    7.828125   0.84410745    0.9498769
     7.84375   0.82594287   0.94406062
    7.859375   0.83290851   0.94449377
       7.875   0.72725868   0.90851146
    7.890625   0.74475777   0.90982705
     7.90625   0.72592163    0.9054026
    7.921875   0.71413022   0.90506858
      7.9375   0.65670323    0.8757844
    7.953125    0.6777361   0.89035767
     7.96875   0.65744245   0.88462329
    7.984375   0.71721041   0.90987116
           8   0.74385804   0.91834539
    8.015625   0.66991431   0.89156008
     8.03125   0.70218354   0.90152979
    8.046875   0.74717504   0.91179168
      8.0625   0.69774836   0.89606601
    8.078125    0.6445055   0.88064981
     8.09375   0.62626505   0.87560213
    8.109375   0.55646849   0.84157187
       8.125   0.61806172   0.86792785
    8.140625     0.663737   0.88293469
     8.15625   0.60638988   0.85509962
    8.171875   0.66622019   0.89423037
      8.1875   0.67373782   0.89252901
    8.203125   0.66575205   0.88563818
     8.21875   0.66014683   0.88996041
    8.234375   0.61755013   0.87674195
        8.25   0.54473561    0.8554008
    8.265625   0.54209697    0.8457303
     8.28125   0.64935893   0.86922312
    8.296875   0.65436351   0.87145829
      8.3125   0.64951587   0.87104422
    8.328125   0.64940208   0.86354405
     8.34375   0.57437831   0.83557564
    8.359375   0.56127757   0.83187503
       8.375   0.54843748   0.82621974
    8.390625   0.57090998     0.835513
     8.40625   0.51388669   0.80037147
    8.421875    0.4981693   0.81799132
      8.4375   0.28772396   0.73053473
    8.453125   0.42898366   0.78549278
     8.46875   0.51825809   0.82151526
    8.484375   0.56302494   0.84659177
         8.5    0.5510022   0.85248518
    8.515625   0.58856195   0.84678984
     8.53125   0.50325614   0.79606813
    8.546875   0.49007845   0.81547135
      8.5625    0.5431779   0.84937519
    8.578125   0.60043168   0.85577261
     8.59375   0.55109209   0.81837636
    8.609375   0.47996545   0.77859205
       8.625   0.47303522   0.77520752
    8.640625   0.46435905   0.78282756
     8.65625   0.43834949   0.77315176
    8.671875    0.3906914   0.75736034
      8.6875   0.37176535   0.71943873
    8.703125   0.39287487   0.70533597
     8.71875   0.30374154   0.65580028
    8.734375   0.30391026   0.72217304
        8.75   0.30453753   0.71763408
    8.765625   0.29697895   0.65997529
     8.78125   0.28920218     0.700876
    8.796875   0.23617348   0.66913885
      8.8125   0.25230229   0.62761217
    8.828125   0.29558435   0.71106476
     8.84375   0.33004639   0.73522472
    8.859375   0.31173047   0.70606017
       8.875   0.34090322   0.69894689
    8.890625    0.2994135   0.72405964
     8.90625   0.30789334   0.70627457
    8.921875   0.35025424   0.73578686
      8.9375   0.33225262   0.72548527
    8.953125   0.31678754   0.68655401
     8.96875   0.37574235   0.70490074
    8.984375    0.3577072   0.76206207
           9   0.31457651   0.70689875
    9.015625   0.22394687   0.66633445
     9.03125   0.19386803   0.63204104
    9.046875   0.26137981   0.67353857
      9.0625   0.23193581   0.64689344
    9.078125   0.27309546   0.68300337
     9.09375   0.33660665   0.73893529
    9.109375   0.30086026   0.66521633
       9.125   0.35043523   0.62699938
    9.140625   0.29697347   0.55215579
     9.15625   0.33155593   0.63334966
    9.171875    0.2301019   0.60897022
      9.1875   0.19777587   0.57190466
    9.203125   0.14017601   0.56192213
     9.21875   0.15997812   0.62590605
    9.234375   0.26624316   0.66287881
        9.25    0.2920154   0.67361403
    9.265625   0.22140899   0.69151682
     9.28125    0.1398064   0.63657874
    9.296875  0.081116013   0.53028214
      9.3125   0.21313423    0.6066007
    9.328125   0.33134007     0.668347
     9.34375   0.18173146    0.5007689
    9.359375   0.17291878   0.51667625
       9.375   0.14683445   0.59612316
    9.390625   0.19041882   0.59708077
     9.40625   0.15599167   0.59694439
    9.421875    0.1444774   0.53752393
      9.4375   0.15474567   0.56798315
    9.453125   0.21174282    0.5510565
     9.46875   0.19023478   0.49731913
    9.484375  0.093775891   0.45820385
         9.5   0.10660282   0.55207777
    9.515625  0.075956687   0.60860515
     9.53125  0.073619664   0.51561326
    9.546875  0.084909588   0.50611728
      9.5625  0.039272986   0.53804988
    9.578125  0.052748654   0.50255835
     9.59375 0.0045497967   0.57311225
    9.609375  0.010235855   0.53407699
       9.625  0.010825068   0.45738041
    9.640625   0.00227134   0.49488148
     9.65625  0.012110817   0.42337656
    9.671875  0.017881449   0.34964398
      9.6875  0.040683109   0.23394383
    9.703125  0.028371256   0.31331542
     9.71875  0.020637343   0.16886722
    9.734375  0.024115428   0.14692739
        9.75   0.03849614   0.38278148
    9.765625  0.006827476   0.40975997
     9.78125 0.0021864478   0.33372256
    9.796875 0.0051946505   0.22416006
      9.8125 0.0015455708   0.29904011
    9.828125 0.00058013556   0.46110711
     9.84375  0.024290668    0.3380214
    9.859375  0.027014829   0.39178801
       9.875  0.027503705   0.41208911
    9.890625  0.055093292   0.47620061
     9.90625   0.10402475    0.4604308
    9.921875  0.083208226   0.39471272
      9.9375  0.041369315    0.3116599
    9.953125  0.053808779   0.33304712
     9.96875  0.089050375   0.37776861
    9.984375  0.036289778   0.29823586
          10   0.17427571    0.4612098