           0   0.86296511 0.0098286886
   0.0078125   0.83917439 0.0020374462
    0.015625 0.0038110258 0.0058706701
   0.0234375 0.0048375679  0.005945622
     0.03125 0.0063055088 0.0058474923
   0.0390625 0.0065199854 0.0069065639
    0.046875  0.042449225  0.041229375
   0.0546875  0.030247252  0.032448474
      0.0625   0.14585805   0.14127222
   0.0703125   0.12479088   0.12782051
    0.078125  0.024812311  0.012689962
   0.0859375  0.082131281  0.043194298
     0.09375    0.1826947  0.086150609
   0.1015625   0.24096003   0.04218781
    0.109375   0.47373304   0.11953127
   0.1171875   0.38904876  0.018762484
       0.125    0.3158544  0.067464963
   0.1328125    0.8019653  0.020130232
    0.140625   0.94277686  0.074466094
   0.1484375   0.95976561  0.065060511
     0.15625   0.96439838   0.16335693
   0.1640625   0.96777505   0.15030533
    0.171875    0.9196294   0.10032266
   0.1796875   0.86753303   0.11318932
      0.1875   0.80508459  0.067095384
   0.1953125    0.8025583  0.091026656
    0.203125   0.82302874   0.16381164
   0.2109375   0.75556707  0.044955321
     0.21875   0.72810769  0.058369067
   0.2265625   0.75919062  0.058309082
    0.234375   0.64173931  0.055308115
   0.2421875    0.5475871  0.052995872
        0.25   0.46927488   0.02469459
   0.2578125   0.26905429  0.048838023
    0.265625   0.47773784  0.064661629
   0.2734375   0.47845075  0.086282425
     0.28125   0.65404987 0.0012297056
   0.2890625   0.69351131  0.057863638
    0.296875   0.76669276   0.20579141
   0.3046875   0.81241322    0.2872161
      0.3125   0.72271693   0.29414997
   0.3203125    0.7446509   0.31988558
    0.328125   0.60151416   0.24193564
   0.3359375   0.66576821    0.2710309
     0.34375   0.57925791   0.32065636
   0.3515625   0.61465508   0.18086667
    0.359375   0.62637335   0.18117954
   0.3671875   0.66779238   0.21843801
       0.375   0.78240836   0.35663009
   0.3828125   0.67854613    0.3879528
    0.390625     0.735811   0.35995078
   0.3984375   0.78880513   0.32735768
     0.40625   0.77208406   0.13799691
   0.4140625   0.85253173   0.23900901
    0.421875    0.8916139   0.30711955
   0.4296875   0.83380818   0.21536703
      0.4375   0.74691075   0.20581388
   0.4453125   0.59015411  0.083021872
    0.453125   0.62214285   0.10646821
   0.4609375   0.60348642   0.16471648
     0.46875   0.38574827 0.0018266333
   0.4765625   0.18330793 0.0020506256
    0.484375   0.35896334    0.0480926
   0.4921875   0.59278971   0.19859853
         0.5   0.35766664     0.194993
   0.5078125   0.42038032  0.050505642
    0.515625   0.44568986  0.026442265
   0.5234375   0.48495546 0.0096825697
     0.53125   0.59937537  0.090315297
   0.5390625   0.66207629   0.34219739
    0.546875   0.74379313   0.46434727
   0.5546875    0.5874396     0.125461
      0.5625     0.598342   0.29508775
   0.5703125    0.7448076   0.44921449
    0.578125   0.87315094    0.6591019
   0.5859375     0.848153   0.63617575
     0.59375    0.7803719   0.50174499
   0.6015625   0.76024604   0.45319253
    0.609375   0.77972203   0.49957526
   0.6171875   0.59829003   0.27509329
       0.625   0.55481082   0.30163935
   0.6328125   0.54159272   0.16873182
    0.640625   0.51203465   0.12877417
   0.6484375   0.24716987   0.16853441
     0.65625   0.24718344   0.12437962
   0.6640625   0.44743049   0.19842136
    0.671875   0.60171545   0.31616357
   0.6796875   0.33430344   0.15420751
      0.6875   0.46364754   0.24146585
   0.6953125    0.6196875   0.32795107
    0.703125   0.77424961   0.46079481
   0.7109375   0.63399255     0.371833
     0.71875    0.4011012   0.22427276
   0.7265625   0.41331318   0.35578081
    0.734375   0.46846622  0.059096709
   0.7421875   0.41616851  0.057340607
        0.75   0.55850726   0.51608688
   0.7578125   0.73994792   0.64114809
    0.765625   0.69111758   0.39245948
   0.7734375   0.59343994   0.20809755
     0.78125   0.62272805    0.3326242
   0.7890625   0.67492658   0.36372903
    0.796875    0.5505268   0.30383432
   0.8046875   0.60159391   0.39869407
      0.8125   0.60016561   0.39235663
   0.8203125   0.78111351   0.53598028
    0.828125   0.77075517   0.52422613
   0.8359375   0.79129791   0.71823233
     0.84375   0.78951418   0.64573509
   0.8515625   0.82379276   0.65204364
    0.859375   0.86315954   0.73019528
   0.8671875   0.84777278   0.73728645
       0.875   0.83872736   0.64204949
   0.8828125   0.87612712   0.71677017
    0.890625   0.83843154   0.66670722
   0.8984375   0.82706964   0.63340157
     0.90625   0.82683665   0.61008632
   0.9140625   0.62949097   0.38396746
    0.921875    0.6478737   0.37483332
   0.9296875   0.59896755   0.48596188
      0.9375   0.74751639   0.63418508
   0.9453125   0.71566206   0.56763488
    0.953125   0.45734018    0.3478792
   0.9609375   0.33683014   0.12920898
     0.96875   0.39546168  0.025184084
   0.9765625   0.45576191  0.099013425
    0.984375   0.45466357   0.14810731
   0.9921875   0.31091592  0.068985872
           1  0.038020529   0.15511568
   1.0078125   0.11431891   0.15484591
    1.015625   0.52822351   0.01477577
   1.0234375   0.51190317  0.048818834
     1.03125   0.50309396  0.037526354
   1.0390625   0.45729196   0.02210366
    1.046875    0.5319401  0.086815894
   1.0546875   0.64848316  0.089907996
      1.0625   0.63593388  0.072998062
   1.0703125   0.67837715  0.020835035
    1.078125   0.61469835  0.016985344
   1.0859375     0.465002  0.068093464
     1.09375   0.64833081   0.23631638
   1.1015625   0.74700326   0.39282298
    1.109375   0.87540263   0.63416207
   1.1171875   0.79178429   0.46145177
       1.125   0.74475217   0.33750078
   1.1328125   0.80418104   0.52448386
    1.140625   0.88285917   0.68939298
   1.1484375   0.84131163   0.60049725
     1.15625     0.797607   0.41015851
   1.1640625   0.78704423   0.39130288
    1.171875   0.84116578   0.53204536
   1.1796875   0.87020439   0.51489681
      1.1875   0.86520493   0.63561296
   1.1953125   0.88887805    0.7265572
    1.203125   0.88773322   0.69380116
   1.2109375   0.85724193   0.65640259
     1.21875   0.87707502   0.73074025
   1.2265625   0.88632685   0.72047722
    1.234375   0.85229313   0.60567456
   1.2421875   0.85099524   0.65170038
        1.25    0.8577283    0.6952821
   1.2578125   0.83606672   0.69056839
    1.265625    0.7441017   0.55891567
   1.2734375   0.77324891   0.60871845
     1.28125   0.82879823   0.68487674
   1.2890625   0.88916445   0.84205544
    1.296875   0.85022783   0.80399269
   1.3046875   0.83226198   0.71205682
      1.3125   0.82091784   0.64877337
   1.3203125   0.79399288   0.71590775
    1.328125   0.86349821   0.80710781
   1.3359375   0.79032522    0.7170108
     1.34375   0.86688453   0.79333133
   1.3515625   0.80100375   0.72214621
    1.359375   0.83688945   0.74842072
   1.3671875   0.86423999   0.76166767
       1.375    0.8818292   0.77647197
   1.3828125   0.89447534    0.8285951
    1.390625   0.75094885   0.64797294
   1.3984375   0.76634973   0.71716756
     1.40625   0.85902005   0.80300987
   1.4140625   0.89399809   0.83894348
    1.421875   0.86424857   0.79665285
   1.4296875   0.73252094   0.61198133
      1.4375   0.64293528   0.62054515
   1.4453125   0.69862854   0.59637171
    1.453125   0.74317592   0.65889728
   1.4609375   0.65677989   0.58901018
     1.46875   0.68465436   0.65472668
   1.4765625   0.78822827   0.72495085
    1.484375   0.69843411   0.70064414
   1.4921875   0.57476401   0.55599785
         1.5     0.542835   0.60297436
   1.5078125   0.68270075   0.72748578
    1.515625   0.60231453   0.62808651
   1.5234375   0.67991507   0.66538054
     1.53125   0.83715326   0.81495059
   1.5390625     0.788122   0.79384577
    1.546875   0.73992801   0.73706096
   1.5546875   0.81292093   0.82833016
      1.5625   0.77072316   0.73958552
   1.5703125   0.87637705   0.83907062
    1.578125   0.81948119   0.78770202
   1.5859375   0.71947235   0.76705718
     1.59375   0.73990554   0.79485059
   1.6015625   0.78286719    0.8057059
    1.609375   0.86079919   0.85072124
   1.6171875   0.85279709   0.86319864
       1.625   0.81203991   0.83092922
   1.6328125   0.83072495   0.84261531
    1.640625    0.8991335   0.84333789
   1.6484375   0.79279965   0.73335981
     1.65625   0.82803172   0.82802325
   1.6640625   0.83479321   0.85710144
    1.671875   0.89673263   0.88499939
   1.6796875   0.85297841   0.85148239
      1.6875   0.78951365   0.77939326
   1.6953125   0.81613868   0.79332751
    1.703125    0.8383165   0.82451725
   1.7109375   0.90261865    0.8775298
     1.71875   0.77763242   0.82771122
   1.7265625   0.82078427   0.83187413
    1.734375   0.84549034   0.84608424
   1.7421875    0.8238278   0.87773103
        1.75   0.84731543   0.90113181
   1.7578125   0.87555927   0.89686394
    1.765625   0.80871642   0.85255367
   1.7734375   0.76927519   0.80178249
     1.78125   0.81062561   0.81433344
   1.7890625   0.86326408   0.89355516
    1.796875   0.87558353   0.90427405
   1.8046875   0.83438951   0.85655481
      1.8125   0.86829257   0.88527679
   1.8203125   0.88397676   0.91099864
    1.828125   0.85207272   0.89937806
   1.8359375   0.89172298    0.9155767
     1.84375   0.88453883   0.91637552
   1.8515625   0.86650246   0.92231023
    1.859375   0.76053244   0.86556286
   1.8671875   0.83187634   0.87648177
       1.875   0.88081425   0.91953385
   1.8828125   0.89755285   0.93569815
    1.890625   0.90099424    0.9414227
   1.8984375   0.84750563   0.91828096
     1.90625   0.82154232   0.91015035
   1.9140625   0.87348038   0.92463303
    1.921875   0.82901728   0.91350931
   1.9296875     0.693106   0.88938963
      1.9375   0.78208661   0.92720145
   1.9453125   0.87686759   0.93528301
    1.953125   0.86910659   0.92357725
   1.9609375   0.86331969   0.92599386
     1.96875   0.85973644   0.93444085
   1.9765625   0.88315248   0.92355281
    1.984375   0.85342216   0.90156418
   1.9921875   0.83650392   0.90552592
           2   0.86433667    0.9397279
   2.0078125   0.87435806   0.94501877
    2.015625   0.83497375   0.92329478
   2.0234375   0.81721318   0.92296839
     2.03125   0.70199937   0.88901007
   2.0390625   0.79193014   0.91823995
    2.046875    0.8789655      0.95339
   2.0546875   0.86148614   0.95165539
      2.0625   0.87159526   0.96259397
   2.0703125   0.81670761   0.94439656
    2.078125   0.74038512   0.90877795
   2.0859375   0.77408737   0.90766597
     2.09375   0.86654842   0.94489861
   2.1015625   0.90435803   0.96421546
    2.109375   0.88756722   0.95065022
   2.1171875   0.71528506   0.90730858
       2.125   0.71068412   0.89443415
   2.1328125   0.76366818   0.90726417
    2.140625   0.70832992    0.9251076
   2.1484375   0.69057846   0.93457234
     2.15625   0.71002376   0.88782942
   2.1640625   0.63020778   0.88901138
    2.171875   0.76852173   0.93128192
   2.1796875    0.7526145   0.91364288
      2.1875   0.69476664   0.87128407
   2.1953125   0.73706192    0.8865968
    2.203125   0.79440093   0.94813228
   2.2109375   0.75719303   0.92353082
     2.21875   0.71547401   0.87425023
   2.2265625   0.78516275   0.91377354
    2.234375   0.69690597   0.92526942
   2.2421875   0.69907016   0.92995888
        2.25   0.68946302   0.90848124
   2.2578125   0.63628447   0.86310279
    2.265625   0.77730364   0.93540245
   2.2734375   0.71395695   0.90078372
     2.28125   0.64529049   0.84866619
   2.2890625   0.78192836   0.87946254
    2.296875   0.75688893   0.86406332
   2.3046875    0.7466234   0.89043814
      2.3125   0.78752291   0.92176116
   2.3203125   0.73102748   0.90992212
    2.328125   0.70590001   0.90046436
   2.3359375   0.65610337   0.85436976
     2.34375   0.77587235    0.8802194
   2.3515625   0.76075393   0.88480651
    2.359375   0.69735247   0.80443048
   2.3671875   0.63872701   0.80596817
       2.375   0.69827533    0.8648026
   2.3828125   0.57518888   0.85952038
    2.390625   0.72434103   0.79312921
   2.3984375   0.79757798    0.7418499
     2.40625   0.88164634   0.86108023
   2.4140625   0.80661362    0.8520627
    2.421875   0.65503311   0.84326619
   2.4296875   0.72496456     0.829808
      2.4375    0.7881608   0.86774302
   2.4453125   0.72078544    0.7704215
    2.453125   0.80498302   0.79588497
   2.4609375   0.83004612   0.80302757
     2.46875   0.72087193   0.74618125
   2.4765625   0.87394196   0.72528237
    2.484375   0.86427194   0.67347085
   2.4921875   0.81684321      0.56044
         2.5   0.80965865    0.5155465
   2.5078125   0.77461147   0.59537673
    2.515625   0.78861678   0.59396994
   2.5234375   0.77131909   0.38546249
     2.53125   0.80673772   0.30928594
   2.5390625   0.80516964   0.41775131
    2.546875   0.87215406   0.51740277
   2.5546875   0.88161343   0.49402365
      2.5625   0.84187973   0.45824194
   2.5703125   0.85929179    0.4083932
    2.578125   0.84928864   0.25491717
   2.5859375    0.9180479   0.25602704
     2.59375   0.88073075   0.09704943
   2.6015625   0.83345842  0.030324958
    2.609375   0.83761537  0.018030724
   2.6171875   0.86733425  0.024784688
       2.625   0.89298183  0.038320128
   2.6328125   0.88933951 0.0026473526
    2.640625   0.89106464  0.056089304
   2.6484375   0.90228587   0.14550738
     2.65625   0.88589132   0.08325769
   2.6640625   0.88949877   0.15992293
    2.671875   0.84283888  0.058722079
   2.6796875   0.80372649   0.13609052
      2.6875   0.86073619   0.16866329
   2.6953125   0.89838058   0.21656971
    2.703125   0.91994703   0.31549817
   2.7109375   0.89720356   0.32576561
     2.71875   0.94182652   0.52932823
   2.7265625   0.92326266   0.33029079
    2.734375   0.90841818   0.40770808
   2.7421875   0.90921718     0.274443
        2.75   0.92839962   0.43659002
   2.7578125   0.91839778   0.46348611
    2.765625   0.94384193   0.57899171
   2.7734375   0.92447859   0.42878366
     2.78125   0.88238734   0.34608838
   2.7890625   0.87353766   0.30802375
    2.796875   0.91100591   0.44372472
   2.8046875   0.94415146   0.67408764
      2.8125   0.92605597   0.50968122
   2.8203125   0.91898006   0.50821525
    2.828125   0.94051546   0.63602364
   2.8359375   0.94799107   0.69144201
     2.84375   0.94582868   0.69951576
   2.8515625    0.9448576   0.73898518
    2.859375   0.95115793   0.76797062
   2.8671875   0.96282542    0.8198908
       2.875   0.96814644   0.84760273
   2.8828125   0.94422352   0.76226944
    2.890625   0.96292412   0.84426183
   2.8984375   0.96685529   0.86252147
     2.90625   0.96555471   0.86069107
   2.9140625   0.97152621   0.88816696
    2.921875   0.96674323   0.86852652
   2.9296875    0.9762013   0.91708177
      2.9375   0.98677331   0.95367622
   2.9453125   0.98714519    0.9516049
    2.953125   0.98174393    0.9389745
   2.9609375   0.98971957   0.96672744
     2.96875   0.99003875   0.96816742
   2.9765625   0.98955071   0.96726006
    2.984375   0.98815536    0.9660036
   2.9921875   0.99239379    0.9794625
           3   0.98628229    0.9633007
   3.0078125   0.98847938    0.9715355
    3.015625   0.99483067   0.98714858
   3.0234375   0.99326235   0.98316109
     3.03125   0.99301827   0.98344481
   3.0390625   0.99244511   0.98173594
    3.046875   0.99190986   0.98069739
   3.0546875   0.99360889    0.9859032
      3.0625   0.99634767   0.99235964
   3.0703125   0.99488795       0.9892
    3.078125   0.99808449   0.99602324
   3.0859375   0.99808389   0.99609315
     3.09375   0.99752796   0.99514455
   3.1015625   0.99771225   0.99564427
    3.109375   0.99587691   0.99227256
   3.1171875    0.9946751    0.9904691
       3.125   0.99603438   0.99292028
   3.1328125   0.99780053     0.996131
    3.140625   0.99792635   0.99637771
   3.1484375   0.99730504   0.99534869
     3.15625   0.99553823    0.9925772
   3.1640625   0.99538165   0.99244672
    3.171875   0.99583977   0.99332094
   3.1796875   0.99783993   0.99661869
      3.1875   0.99894542    0.9983989
   3.1953125   0.99893069   0.99838191
    3.203125   0.99840796   0.99761939
   3.2109375   0.99667418   0.99513131
     3.21875   0.99748188   0.99635702
   3.2265625   0.99735433   0.99617833
    3.234375   0.99707681    0.9958142
   3.2421875   0.99659926   0.99524736
        3.25   0.99795371   0.99718505
   3.2578125   0.99748605    0.9965719
    3.265625   0.99802089   0.99737877
   3.2734375   0.99834859   0.99783915
     3.28125   0.99771976   0.99700511
   3.2890625   0.99801993    0.9974215
    3.296875   0.99819726   0.99769521
   3.3046875   0.99670357   0.99587899
      3.3125   0.99525875   0.99420947
   3.3203125   0.99598467   0.99514544
    3.328125   0.99666804   0.99599558
   3.3359375   0.99774802   0.99735755
     3.34375   0.99674004   0.99616587
   3.3515625   0.99469858   0.99386114
    3.359375   0.99585277   0.99533045
   3.3671875   0.99731594   0.99702072
       3.375   0.99654138   0.99618882
   3.3828125   0.99219733   0.99150497
    3.390625   0.99048007    0.9898929
   3.3984375   0.99435031   0.99406564
     3.40625   0.99369943   0.99343407
   3.4140625   0.99232662   0.99211502
    3.421875   0.98958337   0.98922551
   3.4296875   0.98091429   0.98074549
      3.4375   0.98482889   0.98548949
   3.4453125   0.98745614   0.98770887
    3.453125   0.99046016    0.9908005
   3.4609375   0.99224359   0.99267024
     3.46875   0.98973638   0.99045581
   3.4765625   0.98905319   0.98991698
    3.484375   0.99020433   0.99083012
   3.4921875   0.98023123   0.98158544
         3.5   0.97277254   0.97542399
   3.5078125   0.96165657   0.96583402
    3.515625   0.96390784   0.96792334
   3.5234375   0.97914582   0.98120528
     3.53125   0.97037655   0.97397155
   3.5390625   0.96014398   0.96572518
    3.546875   0.95622748   0.96396238
   3.5546875   0.96162105   0.96955633
      3.5625   0.95831925   0.96503121
   3.5703125   0.98140776   0.98449081
    3.578125   0.97510374   0.97921675
   3.5859375   0.96745294   0.97323662
     3.59375   0.96523166   0.97264355
   3.6015625    0.9674477   0.97392809
    3.609375   0.97938091   0.98415893
   3.6171875   0.97597516   0.98175561
       3.625    0.9800806   0.98440337
   3.6328125   0.98015535   0.98491561
    3.640625   0.97444421   0.98046881
   3.6484375   0.97029775   0.97795165
     3.65625   0.98052275   0.98562223
   3.6640625   0.97283345   0.98081344
    3.671875   0.97321928   0.98106325
   3.6796875   0.98001188   0.98550034
      3.6875   0.98416692   0.98885334
   3.6953125   0.97791725   0.98439264
    3.703125    0.9774009   0.98430026
   3.7109375   0.97352225   0.98087883
     3.71875   0.97723484   0.98356402
   3.7265625   0.97730994    0.9843244
    3.734375   0.98404801   0.98916459
   3.7421875   0.97297025   0.98221344
        3.75   0.96642017   0.97827965
   3.7578125   0.98046643     0.987602
    3.765625   0.98046255   0.98757792
   3.7734375   0.97593319   0.98455524
     3.78125   0.96488649   0.97717184
   3.7890625   0.97376835   0.98295039
    3.796875   0.98081344   0.98765922
   3.8046875   0.97993523   0.98672754
      3.8125   0.96287316   0.97642207
   3.8203125   0.96031862   0.97454756
    3.828125   0.96162337   0.97618955
   3.8359375    0.9573878   0.97494394
     3.84375   0.96126759   0.97783041
   3.8515625   0.96197122   0.97845566
    3.859375   0.93848032   0.96552759
   3.8671875   0.94797164   0.96929586
       3.875   0.97399998   0.98472542
   3.8828125   0.97783798   0.98736376
    3.890625   0.96968555   0.98290551
   3.8984375   0.96297842   0.97937065
     3.90625    0.9685989   0.98267686
   3.9140625   0.96918565   0.98277098
    3.921875   0.97190213   0.98422486
   3.9296875   0.97967029   0.98874819
      3.9375   0.97439301   0.98580068
   3.9453125   0.96622175   0.98206806
    3.953125    0.9765082   0.98743856
   3.9609375   0.94811732   0.97231281
     3.96875   0.97508246     0.986408
   3.9765625   0.97472662   0.98656327
    3.984375    0.9672333   0.98243594
   3.9921875   0.96514332   0.98120028
           4   0.93939614   0.96808243
   4.0078125   0.92552525   0.96316576
    4.015625   0.94877887   0.97277653
   4.0234375   0.96366793    0.9806667
     4.03125    0.9606722   0.97925246
   4.0390625   0.96606582   0.98227346
    4.046875   0.96094948   0.98047101
   4.0546875    0.9426645   0.97169197
      4.0625   0.95238644   0.97593868
   4.0703125   0.96372789   0.98181713
    4.078125   0.94698197   0.97448075
   4.0859375   0.95573014   0.97868901
     4.09375   0.94646019   0.97302186
   4.1015625   0.93956298   0.96905041
    4.109375   0.95581329   0.97865289
   4.1171875   0.97601444   0.98851126
       4.125   0.95214683   0.97795933
   4.1328125   0.93024045   0.96803236
    4.140625   0.95383555   0.97872043
   4.1484375   0.94440478   0.97346163
     4.15625   0.95071524   0.97587091
   4.1640625    0.9425866   0.97434419
    4.171875    0.9664095   0.98537117
   4.1796875   0.96001983   0.98180217
      4.1875    0.9376294   0.97188556
   4.1953125   0.95800042   0.98124462
    4.203125   0.95591617   0.98027426
   4.2109375   0.94808924    0.9768067
     4.21875   0.95036322   0.97676694
   4.2265625   0.96635109    0.9840315
    4.234375   0.92918366   0.96955866
   4.2421875   0.95452535   0.98020846
        4.25   0.94510162    0.9762218
   4.2578125    0.9566347   0.98210883
    4.265625   0.97178429   0.98819923
   4.2734375   0.95456427   0.98099971
     4.28125   0.94741434   0.97836035
   4.2890625   0.95582163   0.98161137
    4.296875   0.96532315   0.98477656
   4.3046875   0.96565503   0.98424637
      4.3125   0.93766308   0.97300982
   4.3203125   0.94262779   0.97725356
    4.328125   0.94921237   0.97963989
   4.3359375      0.93908   0.97564882
     4.34375    0.9373399   0.97553498
   4.3515625   0.92634314   0.96903962
    4.359375   0.91690546   0.96581268
   4.3671875   0.93670487   0.97522295
       4.375   0.95153958   0.98201573
   4.3828125   0.94165546   0.97747219
    4.390625   0.93463093   0.97369248
   4.3984375   0.95455325   0.98180264
     4.40625   0.95860928   0.98441666
   4.4140625   0.97263837   0.98954284
    4.421875   0.95638222   0.98346931
   4.4296875   0.95144928   0.98072225
      4.4375     0.958435   0.98418927
   4.4453125   0.96289694   0.98533958
    4.453125   0.94102883   0.97742975
   4.4609375   0.95782411   0.98363334
     4.46875   0.96285892   0.98573077
   4.4765625    0.9521147   0.98212999
    4.484375   0.96130759    0.9859885
   4.4921875   0.96128178   0.98623306
         4.5   0.97719353   0.99196744
   4.5078125   0.95400578   0.98407096
    4.515625   0.95731091   0.98372287
   4.5234375   0.93730026   0.97642457
     4.53125   0.94064271   0.98014557
   4.5390625   0.92556965   0.97382367
    4.546875   0.94290757   0.97894502
   4.5546875    0.9473834   0.98076314
      4.5625   0.93368077   0.97706193
   4.5703125   0.93662053     0.977054
    4.578125   0.94068056   0.97881734
   4.5859375   0.95096517   0.98350203
     4.59375   0.95244426   0.98413008
   4.6015625   0.96680969   0.98887461
    4.609375   0.95922798   0.98543662
   4.6171875   0.94276041   0.98030496
       4.625    0.9269287   0.97532618
   4.6328125   0.94884026   0.98236221
    4.640625   0.92650479   0.97473669
   4.6484375   0.94347304   0.98166603
     4.65625   0.95051795   0.98420477
   4.6640625   0.97107893   0.99024332
    4.671875   0.96531439   0.98849237
   4.6796875    0.9683156   0.99000162
      4.6875   0.97782964   0.99288315
   4.6953125   0.94608074   0.98313856
    4.703125    0.9454788   0.98358297
   4.7109375   0.91778129   0.97586745
     4.71875   0.93291068   0.97919208
   4.7265625   0.96374381   0.98831308
    4.734375    0.9357006   0.97901571
   4.7421875   0.96156269   0.98803681
        4.75   0.92056817   0.97564775
   4.7578125   0.91857815   0.97526693
    4.765625   0.93918371   0.98137158
   4.7734375   0.92621595   0.97775114
     4.78125    0.9597984   0.98781991
   4.7890625   0.97050303   0.99091029
    4.796875   0.95436537   0.98614258
   4.8046875   0.95362431    0.9859547
      4.8125   0.95484221   0.98614734
   4.8203125   0.94773233   0.98440224
    4.828125   0.94071037   0.98114866
   4.8359375   0.94159329   0.98048258
     4.84375    0.9492625   0.98428756
   4.8515625   0.93856311    0.9818812
    4.859375   0.93042493    0.9802556
   4.8671875   0.95507526   0.98705858
       4.875   0.95431584   0.98651278
   4.8828125   0.90793759   0.97380811
    4.890625   0.95992118   0.98817116
   4.8984375   0.95072663   0.98560125
     4.90625   0.93842304   0.98216319
   4.9140625   0.93218321   0.98017806
    4.921875    0.9527117    0.9860853
   4.9296875   0.95905018   0.98846757
      4.9375   0.95742494   0.98827177
   4.9453125   0.95918196   0.98902488
    4.953125   0.95929253   0.98952073
   4.9609375   0.93717283   0.98299325
     4.96875   0.95066363   0.98646426
   4.9765625   0.96161252   0.98960143
    4.984375   0.97606313   0.99358046
   4.9921875   0.96449196   0.99016583
           5    0.9559623   0.98871559
   5.0078125    0.9379968   0.98385406
    5.015625   0.94242603   0.98421723
   5.0234375   0.94683903   0.98634803
     5.03125     0.946428    0.9869234
   5.0390625   0.93948221   0.98398989
    5.046875    0.9572475   0.98881215
   5.0546875   0.96424985   0.99066907
      5.0625   0.93818396   0.98313034
   5.0703125   0.93412918   0.98284727
    5.078125   0.92180955   0.97885036
   5.0859375   0.90026462   0.97268987
     5.09375   0.89421958   0.97061735
   5.1015625   0.87041581   0.96379292
    5.109375   0.90213603   0.97378749
   5.1171875     0.921296   0.97943896
       5.125   0.89771783   0.97292411
   5.1328125   0.84000456   0.95416844
    5.140625   0.87533575   0.96567017
   5.1484375   0.90187573   0.97485298
     5.15625   0.87984997   0.96852469
   5.1640625    0.8853606   0.96972853
    5.171875   0.88232118   0.97034377
   5.1796875   0.84505546    0.9603045
      5.1875   0.72084326   0.93144864
   5.1953125   0.76086652   0.93611586
    5.203125   0.83048081   0.95057166
   5.2109375   0.88413495   0.96838319
     5.21875   0.89780527   0.97479463
   5.2265625   0.86370504   0.96304655
    5.234375   0.91866189   0.97896165
   5.2421875   0.87205219   0.97026223
        5.25   0.87349248   0.96844774
   5.2578125   0.87628841   0.96709931
    5.265625   0.87355536   0.96945196
   5.2734375   0.80568743   0.95287716
     5.28125    0.8376193   0.95935744
   5.2890625   0.80737078   0.95570463
    5.296875   0.78174919   0.94451517
   5.3046875   0.82345879   0.95931143
      5.3125    0.7710681   0.93950963
   5.3203125   0.73621601   0.92237931
    5.328125   0.76749039   0.93392098
   5.3359375   0.68627006   0.92257011
     5.34375   0.78150362   0.94637823
   5.3515625   0.82149923   0.95584196
    5.359375   0.85881186   0.96272594
   5.3671875   0.87266445   0.96730226
       5.375    0.8034445   0.94366199
   5.3828125   0.77875227   0.93972516
    5.390625   0.80701202   0.95088917
   5.3984375   0.81371886   0.95459116
     5.40625   0.79822838   0.95158666
   5.4140625   0.70490205   0.92116469
    5.421875   0.72918558   0.92948925
   5.4296875   0.74599802   0.94157803
      5.4375   0.79750544   0.95352435
   5.4453125   0.85436517   0.96529818
    5.453125     0.863114    0.9681899
   5.4609375   0.78810871   0.94628888
     5.46875   0.69538599    0.9314211
   5.4765625   0.65065724   0.90361977
    5.484375   0.81059247    0.9519124
   5.4921875   0.76703441   0.94474196
         5.5   0.75340348   0.94420326
   5.5078125   0.77105719   0.93533903
    5.515625   0.83388269   0.95863801
   5.5234375   0.85840315   0.96795011
     5.53125   0.84437943   0.96470624
   5.5390625   0.82296997   0.95975178
    5.546875   0.84604293   0.96515214
   5.5546875   0.89149225   0.97273165
      5.5625   0.80084473   0.95071751
   5.5703125    0.6456815   0.89522147
    5.578125   0.84494942   0.95967841
   5.5859375   0.87156832   0.96745706
     5.59375   0.82696468   0.95546186
   5.6015625   0.78353751   0.94393235
    5.609375   0.78436154   0.93749905
   5.6171875   0.73717254   0.92471415
       5.625   0.71111476   0.93201691
   5.6328125   0.74625051    0.9336139
    5.640625   0.74121588   0.92619133
   5.6484375   0.75143588   0.94036311
     5.65625   0.73280108   0.92922789
   5.6640625    0.7406987   0.94091254
    5.671875   0.70797044   0.94057298
   5.6796875   0.71174592   0.93835342
      5.6875   0.75305945   0.94794011
   5.6953125   0.77613795   0.95591593
    5.703125    0.7076329   0.93925107
   5.7109375    0.6545856   0.92216402
     5.71875   0.69528687   0.92449814
   5.7265625   0.62478352   0.90804344
    5.734375   0.73898536   0.94712323
   5.7421875   0.85262281   0.96924251
        5.75   0.82785493   0.95864034
   5.7578125   0.84200436   0.96518153
    5.765625   0.83933675   0.96704715
   5.7734375   0.84360564   0.96839738
     5.78125   0.76088637   0.94998658
   5.7890625   0.75906026   0.94885796
    5.796875    0.7583245   0.94460922
   5.8046875   0.76413298   0.94320452
      5.8125   0.79307091    0.9575088
   5.8203125   0.79473847    0.9639523
    5.828125   0.83818924   0.97044402
   5.8359375   0.77681464   0.95597982
     5.84375   0.77214926   0.95397979
   5.8515625   0.81649476   0.96433693
    5.859375    0.8131851   0.96663523
   5.8671875   0.83726752   0.96759295
       5.875   0.75236809   0.94843185
   5.8828125   0.65676266   0.93518466
    5.890625   0.72657281   0.95280075
   5.8984375   0.80559516   0.95918781
     5.90625   0.79816782   0.96039307
   5.9140625   0.82864559   0.96798128
    5.921875   0.83848578   0.97032106
   5.9296875   0.84599417   0.96935189
      5.9375   0.86556578   0.97291124
   5.9453125   0.86441761   0.97839725
    5.953125   0.79814631   0.96297818
   5.9609375     0.853769   0.97417635
     5.96875   0.85717756   0.97410035
   5.9765625   0.88979244   0.97908086
    5.984375   0.78371119   0.95688951
   5.9921875   0.75194448   0.95077062
           6   0.80751646   0.96314192
   6.0078125   0.87985557   0.97878504
    6.015625   0.89221424   0.98175532
   6.0234375   0.86376041   0.97731954
     6.03125   0.86983371   0.97641307
   6.0390625   0.91254771   0.98369944
    6.046875   0.74927461    0.9508754
   6.0546875   0.91010082   0.98392159
      6.0625   0.81644028    0.9627319
   6.0703125   0.72702432   0.94724846
    6.078125   0.80114907   0.96211416
   6.0859375   0.84525287   0.97341371
     6.09375   0.79424536   0.96431416
   6.1015625   0.83977717   0.97202575
    6.109375   0.84872842   0.97240245
   6.1171875    0.8962732   0.98172694
       6.125   0.85467708   0.97348559
   6.1328125   0.77272415   0.95838529
    6.140625   0.60629094   0.94539559
   6.1484375   0.68065798   0.94580376
     6.15625    0.7557736   0.95453471
   6.1640625   0.80789638   0.96434069
    6.171875   0.85146379   0.97544962
   6.1796875   0.90089369    0.9833706
      6.1875    0.8612023   0.97787166
   6.1953125   0.82206625   0.97196525
    6.203125   0.78265703   0.96278745
   6.2109375   0.75956869   0.95958215
     6.21875   0.79660922   0.96653074
   6.2265625    0.8375206   0.97023302
    6.234375   0.80134934   0.96803564
   6.2421875   0.68765074   0.94774872
        6.25   0.74458927   0.95892954
   6.2578125   0.85969692   0.97629482
    6.265625   0.91319638    0.9853484
   6.2734375   0.86653274    0.9803713
     6.28125   0.75948089   0.95946825
   6.2890625    0.8445015   0.97326601
    6.296875   0.85469127   0.97407353
   6.3046875   0.84629762   0.97455209
      6.3125   0.86598122   0.97937191
   6.3203125   0.79568791   0.96908063
    6.328125   0.77701014   0.96495914
   6.3359375   0.69982189   0.95323652
     6.34375   0.80925322      0.96682
   6.3515625   0.83919084   0.97173107
    6.359375   0.78237385   0.96675301
   6.3671875   0.81910795   0.96977335
       6.375   0.88549525   0.98017806
   6.3828125     0.874789   0.98140305
    6.390625   0.85599506   0.97953719
   6.3984375   0.76027191   0.96365142
     6.40625   0.80656284   0.96478367
   6.4140625   0.83712047   0.97255611
    6.421875   0.81429756   0.97033864
   6.4296875    0.8427043   0.97201967
      6.4375   0.90213287   0.98375207
   6.4453125   0.87413824   0.97834247
    6.453125    0.8467176   0.97779667
   6.4609375   0.83822614   0.97411799
     6.46875    0.8558445   0.97613311
   6.4765625   0.83243537   0.97305655
    6.484375   0.74835032   0.95873886
   6.4921875   0.76480603   0.96537554
         6.5   0.74544805   0.96115094
   6.5078125    0.7213487   0.96229261
    6.515625   0.72072446   0.95282668
   6.5234375   0.76439196    0.9565025
     6.53125   0.67255992   0.93392402
   6.5390625   0.78084689   0.96406245
    6.546875   0.78725284   0.96769613
   6.5546875   0.82839733   0.97716159
      6.5625   0.79194736   0.97219253
   6.5703125   0.82877457   0.97462159
    6.578125   0.83888775   0.97191101
   6.5859375   0.74420565   0.95591325
     6.59375   0.79489321   0.96911591
   6.6015625   0.76590997   0.96438438
    6.609375   0.74778265    0.9641422
   6.6171875   0.78525043   0.96725947
       6.625    0.7444241   0.95291948
   6.6328125   0.72503477    0.9450224
    6.640625   0.77422416   0.96101379
   6.6484375   0.87930101   0.97991419
     6.65625   0.79091966   0.96348202
   6.6640625   0.77149063   0.96030307
    6.671875   0.65209937   0.94595194
   6.6796875   0.66834903   0.95109797
      6.6875   0.60051554   0.92684597
   6.6953125   0.68738925   0.94159007
    6.703125   0.76506388   0.95645982
   6.7109375   0.74269319    0.9573065
     6.71875    0.7866146   0.96773511
   6.7265625    0.7804389   0.96192724
    6.734375   0.77512199   0.95852238
   6.7421875   0.72747672   0.95014101
        6.75   0.68238205   0.94982755
   6.7578125   0.67676938   0.94405705
    6.765625   0.80379999    0.9651885
   6.7734375   0.75791031   0.95788312
     6.78125   0.70348799   0.96285254
   6.7890625   0.62401015   0.95608073
    6.796875   0.56008273   0.93656456
   6.8046875   0.70021582   0.93986744
      6.8125   0.77084649   0.96101165
   6.8203125   0.86106431   0.98323977
    6.828125   0.84064776   0.97748256
   6.8359375   0.69325215   0.94319946
     6.84375   0.74150538   0.96308804
   6.8515625     0.693878   0.95862889
    6.859375   0.74184644   0.96540445
   6.8671875    0.8363077   0.97958034
       6.875   0.84605289   0.97959226
   6.8828125   0.73577446   0.96472198
    6.890625   0.78353816   0.97336721
   6.8984375   0.76364177    0.9674077
     6.90625   0.72140831   0.95458931
   6.9140625   0.72207695   0.95997083
    6.921875   0.72533727    0.9589709
   6.9296875   0.69027829   0.94940597
      6.9375   0.56714785   0.94024092
   6.9453125    0.6946184   0.95201534
    6.953125   0.77247584   0.96218038
   6.9609375   0.81563878   0.97144884
     6.96875   0.81747001   0.97115993
   6.9765625   0.81795198   0.97446638
    6.984375   0.76501054   0.96630108
   6.9921875   0.74721676   0.96513915
           7   0.79923326   0.97273076
   7.0078125   0.71382511   0.95929778
    7.015625   0.72785729   0.95978779
   7.0234375   0.70307165   0.95459229
     7.03125   0.78185439   0.96521908
   7.0390625   0.80838674   0.97235823
    7.046875   0.74984807   0.96825713
   7.0546875   0.81723839   0.97956926
      7.0625   0.72073114   0.96383381
   7.0703125   0.74396497   0.95494729
    7.078125   0.74834162   0.96106803
   7.0859375   0.67387223   0.95370358
     7.09375    0.6486069   0.95697987
   7.1015625   0.67139477   0.96738845
    7.109375   0.80582178   0.97980559
   7.1171875   0.84400386   0.98227435
       7.125   0.70740938   0.96564531
   7.1328125   0.79956335   0.97512776
    7.140625   0.90482986    0.9888044
   7.1484375   0.84314829   0.98126519
     7.15625   0.78915828   0.96771622
   7.1640625   0.84427595   0.97431368
    7.171875   0.83299947   0.97591323
   7.1796875   0.83802813   0.97683877
      7.1875   0.78197414    0.9687174
   7.1953125   0.76871926    0.9675054
    7.203125   0.77600831   0.96707594
   7.2109375   0.74292564   0.96840423
     7.21875   0.74688107   0.96867037
   7.2265625   0.80216372   0.97628444
    7.234375   0.83131987   0.98342347
   7.2421875   0.81773323   0.97835958
        7.25    0.7337662   0.96655577
   7.2578125   0.67815024   0.96465147
    7.265625   0.72501045   0.96895528
   7.2734375   0.67580044   0.96189857
     7.28125   0.81466627   0.97789955
   7.2890625   0.88450563   0.98597735
    7.296875   0.89937979   0.98860854
   7.3046875   0.78088152   0.97812116
      7.3125   0.63003784   0.96822023
   7.3203125    0.6412456   0.96493334
    7.328125    0.6783191   0.96799469
   7.3359375   0.71271992   0.97445226
     7.34375   0.67891824   0.97274405
   7.3515625   0.74836475   0.97447938
    7.359375   0.82368851   0.98106384
   7.3671875   0.86111546   0.98219126
       7.375   0.69169647   0.96493298
   7.3828125     0.632752      0.95949
    7.390625   0.79950154   0.97736764
   7.3984375   0.85168755   0.98516214
     7.40625   0.88353199   0.98784322
   7.4140625   0.76380295    0.9726882
    7.421875   0.73741436   0.97104275
   7.4296875   0.67169785   0.96627128
      7.4375   0.67158246   0.96535099
   7.4453125   0.81516576   0.98020387
    7.453125   0.78479451    0.9761039
   7.4609375   0.67433947   0.95920318
     7.46875   0.64247131   0.95748293
   7.4765625   0.69902599   0.96162075
    7.484375   0.76175785   0.97441626
   7.4921875   0.66915119   0.96501094
         7.5   0.76196587   0.97434169
   7.5078125   0.74885362   0.96905857
    7.515625   0.69628477   0.96565992
   7.5234375   0.75564206   0.97459036
     7.53125   0.75704348   0.97389084
   7.5390625   0.80299473    0.9793815
    7.546875   0.67310613   0.96394265
   7.5546875   0.75291967   0.97265327
      7.5625   0.78626156   0.97217816
   7.5703125   0.75550658   0.97409618
    7.578125   0.83902907   0.98367745
   7.5859375   0.82660449   0.98151422
     7.59375   0.74476784   0.97337955
   7.6015625   0.67016494   0.95293987
    7.609375   0.73728794   0.97333717
   7.6171875   0.79574132   0.98131216
       7.625   0.86963284   0.98544574
   7.6328125    0.8044945   0.97782326
    7.640625   0.59130853   0.95301956
   7.6484375    0.7607137   0.97150576
     7.65625     0.718741   0.96814305
   7.6640625   0.74374962   0.97111481
    7.671875   0.76507217   0.97383231
   7.6796875   0.69468135   0.96788996
      7.6875   0.71262628   0.96892899
   7.6953125   0.78118271   0.97437543
    7.703125   0.72116178   0.96432859
   7.7109375   0.75674659   0.97018713
     7.71875   0.63457191   0.95632482
   7.7265625   0.76860869   0.97502571
    7.734375   0.67381364    0.9668141
   7.7421875   0.63206524   0.95831978
        7.75   0.66150641   0.95885807
   7.7578125   0.71000534   0.97519857
    7.765625   0.64572787   0.96598244
   7.7734375   0.72271603   0.96920007
     7.78125   0.81109047   0.97922111
   7.7890625    0.8361358   0.98366141
    7.796875   0.78764963   0.97929579
   7.8046875   0.84364378   0.98464566
      7.8125   0.77191377   0.97404355
   7.8203125    0.6062752   0.95683724
    7.828125   0.56675029   0.93784034
   7.8359375   0.80562115    0.9746021
     7.84375   0.80409604   0.97254747
   7.8515625   0.70075768   0.96695119
    7.859375    0.6727249   0.96274358
   7.8671875    0.7077561   0.97163945
       7.875   0.72920561   0.97843492
   7.8828125   0.82376409   0.98540837
    7.890625   0.68533349   0.96673197
   7.8984375   0.28112909   0.90615541
     7.90625   0.35468623   0.93776208
   7.9140625   0.61695254   0.95831299
    7.921875    0.7680096    0.9745658
   7.9296875   0.65929896   0.95998985
      7.9375   0.72804636   0.96044916
   7.9453125   0.75684774   0.97344851
    7.953125   0.64431918   0.96735346
   7.9609375   0.45091465   0.94149089
     7.96875   0.38605866   0.93485403
   7.9765625   0.53733414   0.94509494
    7.984375   0.62349516   0.95474941
   7.9921875   0.73048854   0.96779513
           8   0.70982683   0.96394318
   8.0078125   0.75804979   0.97049016
    8.015625   0.61807567   0.96042681
   8.0234375   0.46102339   0.95445329
     8.03125   0.50443286   0.95023286
   8.0390625   0.54933846   0.94919312
    8.046875   0.66467148   0.96674746
   8.0546875   0.74071342   0.97410947
      8.0625   0.63987511    0.9621951
   8.0703125   0.51714051   0.93895984
    8.078125   0.64303637   0.94808823
   8.0859375   0.47230724   0.92218739
     8.09375   0.52776462   0.94697624
   8.1015625   0.53577399   0.95865291
    8.109375   0.55234468   0.95188826
   8.1171875   0.57226527   0.95882827
       8.125   0.56488001   0.94612515
   8.1328125    0.6306724   0.95602888
    8.140625   0.61669827    0.9539687
   8.1484375   0.73014903   0.97293556
     8.15625   0.61989248   0.94527227
   8.1640625   0.58076608   0.93666708
    8.171875   0.55637741   0.93509954
   8.1796875   0.65897292   0.95950037
      8.1875   0.57834756   0.93905461
   8.1953125   0.61824328   0.94241285
    8.203125   0.67634177   0.95337772
   8.2109375   0.61304706    0.9497022
     8.21875   0.59729874   0.95525324
   8.2265625   0.50537288   0.95012778
    8.234375   0.61280245   0.95698273
   8.2421875   0.68388426   0.96054232
        8.25   0.60964638   0.96097976
   8.2578125   0.68550593   0.96947545
    8.265625   0.55168521    0.9429397
   8.2734375   0.65509856   0.96369737
     8.28125   0.67514569   0.96424133
   8.2890625   0.59935445   0.96261531
    8.296875   0.40932089    0.9317959
   8.3046875   0.33980891   0.92743248
      8.3125   0.49106148   0.94150853
   8.3203125   0.53203875   0.94569653
    8.328125   0.58594161   0.95556813
   8.3359375   0.64638495   0.95757645
     8.34375   0.54130948   0.94670355
   8.3515625   0.49377418   0.94961244
    8.359375   0.29871944   0.93141186
   8.3671875    0.4399628   0.89626193
       8.375   0.53028828   0.92069644
   8.3828125   0.42824498   0.92693764
    8.390625   0.36708242   0.91464806
   8.3984375   0.55447316   0.95103312
     8.40625   0.50606805   0.93714464
   8.4140625   0.58061135   0.93367887
    8.421875   0.28036851    0.9054569
   8.4296875  0.086346745   0.90416676
      8.4375   0.20387818   0.93118465
   8.4453125   0.28140789   0.91385317
    8.453125   0.35973021   0.90973115
   8.4609375   0.44124627   0.93657112
     8.46875   0.55008793   0.94125682
   8.4765625   0.49468097   0.95541644
    8.484375   0.28153875   0.92054063
   8.4921875   0.53384548   0.94309604
         8.5    0.5185951   0.94872826
   8.5078125   0.48774382   0.94127178
    8.515625   0.40164852   0.92595792
   8.5234375    0.4073925   0.93098271
     8.53125   0.34031767    0.9078542
   8.5390625   0.34783223   0.88383204
    8.546875   0.36390823    0.9096759
   8.5546875    0.4664343   0.93708992
      8.5625   0.33877024   0.88537902
   8.5703125   0.36959592   0.89910245
    8.578125   0.48327056   0.92219329
   8.5859375   0.35954627   0.88281626
     8.59375   0.18411885   0.84467286
   8.6015625   0.29208845   0.82530308
    8.609375   0.39823914   0.90569431
   8.6171875    0.4114863   0.90647209
       8.625   0.40035239   0.90709662
   8.6328125   0.32475471   0.90335822
    8.640625   0.30462986   0.88576365
   8.6484375   0.27260885   0.83754683
     8.65625  0.048632257   0.74756771
   8.6640625   0.20101304   0.87515152
    8.671875   0.47510767   0.89678299
   8.6796875   0.34397909   0.89703035
      8.6875    0.4367393    0.9378497
   8.6953125   0.45547387   0.92964172
    8.703125   0.21452175   0.87952071
   8.7109375   0.15955856   0.81511122
     8.71875   0.17560498    0.8285597
   8.7265625   0.30931571    0.9036485
    8.734375   0.20526437   0.87634909
   8.7421875   0.20290835   0.90773135
        8.75   0.28518781   0.90268022
   8.7578125   0.41669905   0.89276403
    8.765625   0.57327503   0.90421933
   8.7734375   0.46575123   0.87768501
     8.78125   0.27313071   0.88707519
   8.7890625   0.28179672   0.89931309
    8.796875   0.17502801   0.85310978
   8.8046875   0.28508112   0.85834891
      8.8125  0.058308583   0.78063256
   8.8203125  0.026660318   0.80817187
    8.828125   0.42623794   0.88689482
   8.8359375      0.47494   0.87019712
     8.84375   0.27594501   0.83012474
   8.8515625  0.081270806   0.72801071
    8.859375  0.021805793   0.80835062
   8.8671875   0.14368863   0.90549207
       8.875   0.19240968   0.86014819
   8.8828125   0.43409637   0.89693797
    8.890625   0.45355096   0.87364948
   8.8984375   0.23384875   0.83688736
     8.90625   0.12465564   0.86419123
   8.9140625   0.28539246    0.8943972
    8.921875   0.40564865   0.88736671
   8.9296875   0.31259769   0.89222807
      8.9375    0.1412143   0.82908523
   8.9453125   0.17455217   0.78709006
    8.953125    0.1396389   0.82417142
   8.9609375   0.16820347   0.86873835
     8.96875   0.23172779   0.88910651
   8.9765625   0.20711491   0.88830817
    8.984375    0.3357653     0.899584
   8.9921875   0.21783809   0.86536855
           9   0.17026952   0.81734419
   9.0078125  0.076245978   0.75385439
    9.015625   0.27933937    0.8295508
   9.0234375   0.45733109   0.88390082
     9.03125   0.29156372   0.86457294
   9.0390625   0.11200456   0.81502497
    9.046875  0.064988829   0.78175366
   9.0546875   0.13163607   0.77492183
      9.0625   0.16466406   0.82040125
   9.0703125   0.31860235   0.86722744
    9.078125   0.20984133   0.82566565
   9.0859375   0.20431693   0.86156225
     9.09375   0.32302487   0.88789529
   9.1015625   0.13572955    0.7701456
    9.109375   0.21529897   0.75828981
   9.1171875   0.24114829   0.80191392
       9.125   0.26922557   0.88263595
   9.1328125   0.14078644    0.8250609
    9.140625   0.11375435   0.82259333
   9.1484375   0.18888795   0.75991213
     9.15625    0.1658213   0.76223969
   9.1640625   0.20668973   0.78278267
    9.171875    0.3267647   0.82274634
   9.1796875   0.29874247   0.77879328
      9.1875   0.39280587   0.79622775
   9.1953125   0.26680586   0.80315137
    9.203125   0.18791845    0.8805868
   9.2109375    0.2633917   0.84218484
     9.21875   0.31706363    0.8686735
   9.2265625   0.18593535   0.77984518
    9.234375  0.052571684   0.76848322
   9.2421875   0.14744444   0.80400997
        9.25     0.288008   0.82618898
   9.2578125    0.1044123   0.74878466
    9.265625   0.19909504   0.70007563
   9.2734375  0.079115979   0.76890433
     9.28125   0.19687779   0.80535525
   9.2890625   0.05438238   0.76973855
    9.296875  0.048042487   0.82306027
   9.3046875  0.018888423   0.78336853
      9.3125   0.11964494   0.80936408
   9.3203125   0.28180861   0.84401155
    9.328125   0.13456111   0.78403312
   9.3359375  0.038491916    0.6505475
     9.34375  0.094305962   0.73412353
   9.3515625  0.091745757   0.79910988
    9.359375  0.047555875   0.72541457
   9.3671875   0.18709067   0.64446133
       9.375   0.15998237   0.70267868
   9.3828125  0.081305929    0.7076655
    9.390625   0.22616042   0.65868247
   9.3984375   0.39148635   0.56930715
     9.40625   0.26812947   0.48756996
   9.4140625   0.28439638   0.69124848
    9.421875   0.02012332   0.57380098
   9.4296875  0.064580329    0.6372999
      9.4375   0.20918465   0.68100339
   9.4453125  0.020566542   0.62142402
    9.453125  0.041982319   0.64051735
   9.4609375  0.024096064    0.6651817
     9.46875   0.10105917   0.59159666
   9.4765625  0.086965241   0.50780964
    9.484375  0.055124938   0.62591165
   9.4921875   0.16492255   0.77509683
         9.5    0.1207624   0.74330181
   9.5078125   0.14322695   0.74425155
    9.515625   0.24646541   0.63211018
   9.5234375  0.067213573   0.68863851
     9.53125  0.046904106   0.67976904
   9.5390625 0.0073064975   0.66113722
    9.546875   0.22024794    0.4676218
   9.5546875  0.043448325   0.45693731
      9.5625  0.039542146    0.4478465
   9.5703125  0.037737124   0.56183249
    9.578125   0.13757695   0.38035014
   9.5859375  0.012892663   0.32871825
     9.59375  0.025200075   0.28198916
   9.6015625  0.030891264   0.34136012
    9.609375 0.0055731488   0.37355879
   9.6171875   0.11584094   0.40239885
       9.625  0.046369113   0.34927723
   9.6328125  0.052202806   0.36165652
    9.640625  0.013655144    0.4744409
   9.6484375  0.047755741   0.31952718
     9.65625  0.058588866   0.45015803
   9.6640625  0.068204828   0.57640982
    9.671875   0.13690943   0.66828465
   9.6796875  0.082662545   0.74312788
      9.6875  0.020039162   0.62115932
   9.6953125 0.0011302722   0.63604182
    9.703125     0.049314   0.73941624
   9.7109375  0.027250646   0.60345161
     9.71875  0.080772482   0.44366294
   9.7265625   0.15120463     0.267156
    9.734375  0.023178216   0.20009708
   9.7421875  0.043239526   0.53147888
        9.75  0.002563569   0.60927969
   9.7578125   0.12757508   0.50398165
    9.765625  0.067349218   0.56540745
   9.7734375  0.031777777   0.75824523
     9.78125 0.0075722048   0.70801806
   9.7890625  0.098805621   0.55859828
    9.796875 0.0032219447    0.2034664
   9.8046875  0.034814581   0.23100708
      9.8125  0.027233742   0.66016358
   9.8203125  0.041537687   0.54640353
    9.828125  0.063108034   0.41582549
   9.8359375  0.051522553   0.32205132
     9.84375  0.023828095   0.28635964
   9.8515625 0.0092898905   0.22519527
    9.859375  0.016038449   0.18679926
   9.8671875  0.040721029   0.10401021
       9.875  0.041936077   0.23882787
   9.8828125  0.064021654   0.36672264
    9.890625  0.073294081   0.42452049
   9.8984375  0.059598871   0.27593186
     9.90625    0.1758064   0.50699514
   9.9140625   0.10625272   0.50438255
    9.921875  0.011362499   0.37491384
   9.9296875   0.18350996   0.52963257
      9.9375   0.27259758   0.60248864
   9.9453125 0.0034192295   0.39134297
    9.953125 0.00082726765   0.47864175
   9.9609375  0.072413713   0.62504214
     9.96875   0.19476978   0.69363707
   9.9765625   0.31801835   0.76052451
    9.984375  0.087863848   0.57744908
   9.9921875 0.0095986575   0.30608505
          10   0.03793167   0.53344107