           0   -1.0413436            0 -0.041343417            0
   0.0078125   -1.0196198 0.0046743555 -0.019619675 0.0046743467
    0.015625    3.6456039   -1.4002323    4.6455932   -1.4001817
   0.0234375    5.1087122    4.7520466    6.1086974    4.7520428
     0.03125   -7.2264538   -11.485418   -6.2264605   -11.485377
   0.0390625    7.6876507     14.66981    8.6876907    14.669842
    0.046875   -45.629459    30.486256   -44.629448    30.486237
   0.0546875    26.129093   -5.0343556    27.129087   -5.0343285
      0.0625   -16.778074    24.651337   -15.778076    24.651337
   0.0703125    2.6390586    14.784671    3.6390555     14.78468
    0.078125    -3.370506   0.49133962   -2.3705051   0.49134251
   0.0859375   -3.4277225   -0.2614328   -2.4277215  -0.26143199
     0.09375   -2.7414687   0.48659921   -1.7414677   0.48659891
   0.1015625   -1.4780363   0.29428783  -0.47803596   0.29428792
    0.109375    -1.618722  -0.12061326   -0.6187219  -0.12061336
   0.1171875   -1.1569004   0.12670325  -0.15690014   0.12670335
       0.125  -0.72250962  0.075451195    0.2774902  0.075451203
   0.1328125  -0.97791225  0.066225149  0.022087727  0.066225164
    0.140625    -1.047439  0.055879906 -0.047439042   0.05587991
   0.1484375   -1.0218575  0.050753072 -0.021857638  0.050753064
     0.15625   -1.0346905  0.080996782 -0.034690734  0.080996834
   0.1640625  -0.99956763  0.076940246 0.00043251892  0.076940253
    0.171875  -0.93905145  0.070191868  0.060948543   0.07019183
   0.1796875   -0.9449178   0.12104915  0.055082258   0.12104915
      0.1875  -0.95259964   0.11744893  0.047400314   0.11744893
   0.1953125   -1.0813767   0.15082264 -0.081377156   0.15082264
    0.203125   -1.0516274   0.21412978 -0.051627681   0.21412973
   0.2109375  -0.99624407   0.12382752 0.0037560097   0.12382753
     0.21875   -1.0317124   0.15554155 -0.031712428   0.15554155
   0.2265625   -1.1241455  0.097959332  -0.12414537  0.097959325
    0.234375    -1.208065 -0.067514285  -0.20806484 -0.067514271
   0.2421875   -1.1634164   0.19394638  -0.16341633   0.19394639
        0.25   -1.1025394   0.15814836  -0.10253937   0.15814841
   0.2578125  -0.72816247 -0.0087363245   0.27183777 -0.0087363133
    0.265625  -0.78916174  0.053169537   0.21083845  0.053169545
   0.2734375  -0.79575557  -0.16173699   0.20424463  -0.16173699
     0.28125    -1.025565 -0.0056050341 -0.025564907 -0.0056049782
   0.2890625   -1.1045487   0.15100765  -0.10454887   0.15100764
    0.296875   -1.0606314   0.30381387 -0.060631208   0.30381387
   0.3046875   -1.1786917   0.32759464  -0.17869137   0.32759467
      0.3125  -0.87783867   0.35901776   0.12216131   0.35901776
   0.3203125  -0.97044516    0.4243345  0.029554704   0.42433453
    0.328125  -0.77791572   0.31576031   0.22208427   0.31576031
   0.3359375  -0.76720798   0.26162839    0.2327923   0.26162839
     0.34375  -0.69760835   0.33874124   0.30239186   0.33874124
   0.3515625  -0.92675585   0.36299804  0.073244274   0.36299804
    0.359375   -1.0158184    0.3957451 -0.015818555   0.39574516
   0.3671875  -0.87043589   0.32071403   0.12956411   0.32071403
       0.375  -0.85832727   0.33247828    0.1416726   0.33247828
   0.3828125  -0.82239377   0.49514475   0.17760624   0.49514475
    0.390625   -1.0055447   0.50574774 -0.0055448823    0.5057478
   0.3984375  -0.92997754   0.35205048  0.070022583   0.35205048
     0.40625  -0.87824655   0.15066308   0.12175342   0.15066305
   0.4140625   -1.0149481   0.24278206 -0.014948004   0.24278198
    0.421875   -1.0221272   0.24286169 -0.022127002   0.24286166
   0.4296875  -0.95645893   0.22569749  0.043541048    0.2256974
      0.4375   -1.0430405   0.32046932  -0.04304016   0.32046932
   0.4453125   -1.1562939   0.25227106  -0.15629378   0.25227109
    0.453125   -1.3022804   0.18385951  -0.30228066   0.18385954
   0.4609375   -1.0954856   0.41007593 -0.095485635   0.41007596
     0.46875   -1.0537997  0.018508827 -0.053799517  0.018508827
   0.4765625  -0.91811824 -0.031965192  0.081881911 -0.031965159
    0.484375   -1.1985542   0.31484532  -0.19855452    0.3148452
   0.4921875   -1.2617819   0.49400568  -0.26178148   0.49400568
         0.5  -0.69524699    0.4558354   0.30475321   0.45583543
   0.5078125  -0.85513729   0.18769684   0.14486274   0.18769684
    0.515625  -0.86867654  0.092372082   0.13132331  0.092372127
   0.5234375   -1.0319107   0.10071839 -0.031910706   0.10071842
     0.53125   -0.9573862   0.25140309  0.042613603   0.25140306
   0.5390625  -0.88574636    0.5155986   0.11425347    0.5155986
    0.546875   -1.0151432   0.66211492 -0.015143151   0.66211498
   0.5546875  -0.86243021     0.249576   0.13756962   0.24957606
      0.5625  -0.70874941   0.27990881    0.2912505    0.2799089
   0.5703125  -0.80608833   0.44700214   0.19391137   0.44700214
    0.578125  -0.95641166   0.59551942  0.043588325   0.59551954
   0.5859375   -0.9431743   0.63300419  0.056825709   0.63300419
     0.59375   -0.9062534    0.5590691  0.093746275    0.5590691
   0.6015625  -0.89055777   0.51422739   0.10944211   0.51422739
    0.609375  -0.87811661    0.5312286    0.1218837    0.5312286
   0.6171875  -0.73200953    0.2946842   0.26799077   0.29468417
       0.625  -0.65854007   0.22713445   0.34145996   0.22713451
   0.6328125  -0.78705293   0.27156723   0.21294671   0.27156726
    0.640625  -0.77882409   0.20618017   0.22117597   0.20618014
   0.6484375   -0.5662517   0.16017272   0.43374857   0.16017272
     0.65625  -0.64154643   0.29557237   0.35845339   0.29557243
   0.6640625  -0.75333816     0.402807   0.24666181   0.40280694
    0.671875  -0.79130089   0.46191034   0.20869903   0.46191034
   0.6796875  -0.74069607   0.45514569   0.25930417   0.45514539
      0.6875  -0.70776629    0.3959991   0.29223362   0.39599907
   0.6953125   -0.7215386   0.33449134   0.27846166    0.3344914
    0.703125   -0.7673862   0.35123041   0.23261371   0.35123038
   0.7109375  -0.75237799   0.44801214   0.24762216   0.44801214
     0.71875  -0.68909454   0.43658406   0.31090546   0.43658406
   0.7265625  -0.55762839   0.47166374    0.4423719   0.47166377
    0.734375  -0.93576556   0.25049672  0.064234398   0.25049672
   0.7421875  -0.82094145   0.16680329   0.17905828   0.16680327
        0.75  -0.53518444   0.40238678   0.46481541   0.40238678
   0.7578125  -0.58246404   0.32247612   0.41753617   0.32247612
    0.765625  -0.71697068    0.3098855   0.28302947    0.3098855
   0.7734375  -0.78129083   0.27510774   0.21870938   0.27510774
     0.78125  -0.81683809   0.49046874   0.18316178    0.4904688
   0.7890625  -0.82248586   0.46210814   0.17751409   0.46210819
    0.796875  -0.70424712   0.37238052   0.29575267   0.37238047
   0.8046875  -0.66283345   0.37585884   0.33716637   0.37585884
      0.8125  -0.63635129   0.27134177    0.3636485    0.2713418
   0.8203125  -0.69299483    0.3007983   0.30700511   0.30079821
    0.828125  -0.68006361    0.2705414   0.31993642    0.2705414
   0.8359375  -0.57350606   0.34598038   0.42649361   0.34598038
     0.84375  -0.64065421   0.36986464   0.35934582   0.36986449
   0.8515625  -0.65195739   0.28666395   0.34804258   0.28666401
    0.859375  -0.62740552   0.22947592   0.37259459   0.22947592
   0.8671875  -0.62036991   0.31690702   0.37962997   0.31690705
       0.875  -0.68456566   0.30795789   0.31543443   0.30795789
   0.8828125   -0.6652289   0.26841861    0.3347711   0.26841858
    0.890625  -0.64264238   0.22638218   0.35735768   0.22638221
   0.8984375  -0.64199901    0.1801621   0.35800099    0.1801621
     0.90625  -0.65705365   0.18837409   0.34294644   0.18837409
   0.9140625  -0.65208733   0.23495667   0.34791243   0.23495667
    0.921875  -0.70064211   0.32305908   0.29935786   0.32305902
   0.9296875  -0.58230007   0.33074352   0.41770008   0.33074352
      0.9375   -0.5799827   0.22269665   0.42001727   0.22269663
   0.9453125  -0.60966164    0.2945725   0.39033824   0.29457253
    0.953125   -0.5758695   0.28602052   0.42413053   0.28602049
   0.9609375  -0.64930272  0.015786778   0.35069713  0.015786786
     0.96875  -0.93798345   0.17936319   0.06201661   0.17936321
   0.9765625   -1.0492165   0.40434647  -0.04921636   0.40434653
    0.984375   -1.4263545    0.5534929  -0.42635471   0.55349284
   0.9921875   -1.2837365   0.47695705  -0.28373635    0.4769572
           1  -0.28080976   0.20348892   0.71919024   0.20348898
   1.0078125   -0.4516314   0.16325456   0.54836863   0.16325457
    1.015625   -1.0083148   0.11718886 -0.0083147362   0.11718882
   1.0234375  -0.91420895    0.1877943  0.085790992   0.18779434
     1.03125  -0.96886289   0.19128135  0.031137086   0.19128136
   1.0390625  -0.86079043  0.022602133   0.13920958  0.022602115
    1.046875  -0.79794568   0.11650078   0.20205446   0.11650078
   1.0546875  -0.85078532    0.1320218   0.14921491    0.1320218
      1.0625  -0.84705716  0.096837536   0.15294284  0.096837491
   1.0703125   -1.0635095  0.086325116 -0.063509464  0.086325094
    1.078125  -0.92901075  0.065993555  0.070989475  0.065993555
   1.0859375   -0.8011483   0.12545623   0.19885166    0.1254562
     1.09375  -0.82194668   0.31332603    0.1780533   0.31332609
   1.1015625  -0.88200474   0.44772527   0.11799523   0.44772527
    1.109375   -1.0689059   0.60656965 -0.068906009   0.60656965
   1.1171875   -1.1528596   0.59700936  -0.15285954    0.5970093
       1.125   -1.0395669    0.4761351 -0.039566886   0.47613502
   1.1328125  -0.90803593   0.53963107  0.091964014   0.53963107
    1.140625  -0.95758587   0.61661047  0.042414006   0.61661041
   1.1484375   -1.0547287   0.66032141 -0.054728728   0.66032141
     1.15625   -1.0467443   0.48176947 -0.046744261   0.48176947
   1.1640625  -0.97066814   0.44424602  0.029331787   0.44424602
    1.171875  -0.93925548   0.48628858  0.060744766    0.4862887
   1.1796875  -0.88051236   0.35898054   0.11948767   0.35898054
      1.1875  -0.86171138    0.5008359   0.13828836   0.50083601
   1.1953125  -0.81519526    0.5285778   0.18480451   0.52857792
    1.203125   -0.9045909   0.56204551  0.095408894   0.56204557
   1.2109375   -0.9032405   0.60574073  0.096759617   0.60574073
     1.21875  -0.84383845   0.63066536   0.15616174   0.63066536
   1.2265625  -0.85438424   0.57340825   0.14561617   0.57340825
    1.234375  -0.87929928   0.51050651   0.12070035   0.51050651
   1.2421875  -0.82579374   0.53585303   0.17420642   0.53585303
        1.25  -0.78003156   0.54097629    0.2199685   0.54097623
   1.2578125  -0.72575873   0.52545339   0.27424139   0.52545333
    1.265625  -0.76134014   0.58883417    0.2386601   0.58883417
   1.2734375  -0.77894062   0.64741826   0.22105929   0.64741826
     1.28125  -0.71407127   0.51676911    0.2859287   0.51676899
   1.2890625  -0.62858576   0.60954571   0.37141412   0.60954571
    1.296875  -0.62120545    0.6984666   0.37879482    0.6984666
   1.3046875  -0.72369403   0.60678899   0.27630612   0.60678899
      1.3125  -0.74514091   0.51570219   0.25485906   0.51570201
   1.3203125  -0.63163078   0.60127771   0.36836928   0.60127771
    1.328125  -0.64220214   0.65393478   0.35779798   0.65393478
   1.3359375  -0.63150495    0.6352511   0.36849493    0.6352511
     1.34375  -0.66995633   0.61571759   0.33004373   0.61571759
   1.3515625  -0.62307459   0.55361372   0.37692559   0.55361384
    1.359375  -0.64899522   0.53663975   0.35100478   0.53663993
   1.3671875  -0.69972527   0.55903876    0.3002747   0.55903882
       1.375  -0.72719312   0.56683576    0.2728067   0.56683582
   1.3828125  -0.68948692   0.63762361   0.31051296   0.63762355
    1.390625  -0.63969672   0.55500674    0.3603034    0.5550068
   1.3984375  -0.56640542   0.51428378   0.43359458    0.5142839
     1.40625  -0.63940591   0.65841389   0.36059406   0.65841389
   1.4140625  -0.70302421   0.75345653    0.2969757   0.75345653
    1.421875  -0.69283497   0.72297037   0.30716503   0.72297037
   1.4296875  -0.68124783   0.62503123   0.31875241   0.62503123
      1.4375  -0.52557343   0.53015512    0.4744266   0.53015512
   1.4453125  -0.60185057   0.44666275   0.39814904   0.44666275
    1.453125  -0.62008113    0.5812723   0.37991866   0.58127236
   1.4609375  -0.57690841   0.52899575   0.42309192   0.52899575
     1.46875  -0.53787911   0.55595952   0.46212119   0.55595934
   1.4765625  -0.63629586   0.72737825   0.36370417   0.72737825
    1.484375  -0.49635887   0.66531187   0.50364149   0.66531187
   1.4921875  -0.52421862   0.61959046    0.4757809   0.61959046
         1.5  -0.40467867   0.72071922   0.59532136   0.72071922
   1.5078125  -0.43399668   0.60002208   0.56600338   0.60002214
    1.515625   -0.4682194   0.57727063   0.53178084   0.57727063
   1.5234375  -0.52533454   0.71915281    0.4746657   0.71915269
     1.53125  -0.55456316   0.67370445   0.44543722   0.67370445
   1.5390625  -0.48713219   0.70231521   0.51286811   0.70231533
    1.546875  -0.50531983   0.68312961   0.49468026   0.68312955
   1.5546875  -0.45763132   0.74700141   0.54236865   0.74700129
      1.5625  -0.55652618   0.64729941   0.44347373   0.64729947
   1.5703125  -0.60660887   0.66187769   0.39339113   0.66187763
    1.578125  -0.56040061   0.58929831   0.43959934   0.58929843
   1.5859375   -0.4284918    0.5657813   0.57150829   0.56578135
     1.59375  -0.42002615   0.51521444    0.5799737    0.5152145
   1.6015625  -0.45305496   0.64811403    0.5469451   0.64811403
    1.609375  -0.52897197   0.67750412   0.47102806     0.677504
   1.6171875  -0.47203651   0.63597685   0.52796382   0.63597685
       1.625  -0.46248254   0.57574272   0.53751737   0.57574278
   1.6328125  -0.47515935   0.56615043   0.52484071   0.56615037
    1.640625  -0.63714951   0.53528333   0.36285025   0.53528333
   1.6484375  -0.58737737   0.52582204   0.41262287   0.52582198
     1.65625  -0.50001639    0.5576005   0.49998373    0.5576005
   1.6640625  -0.44682088   0.60752392   0.55317903   0.60752392
    1.671875  -0.53726184   0.60526294   0.46273825   0.60526294
   1.6796875  -0.50360608   0.59756672   0.49639383   0.59756666
      1.6875  -0.51835746   0.60263777    0.4816424   0.60263771
   1.6953125  -0.53911012   0.53641486      0.46089   0.53641498
    1.703125  -0.52807069   0.56537157   0.47192928   0.56537151
   1.7109375  -0.58088851   0.61268568    0.4191114   0.61268562
     1.71875  -0.41346887   0.54040956    0.5865311   0.54040956
   1.7265625  -0.48233768   0.45488638   0.51766229   0.45488641
    1.734375  -0.49872899     0.555152   0.50127125     0.555152
   1.7421875  -0.35630566   0.64037955   0.64369422   0.64037955
        1.75  -0.34286764   0.60961998   0.65713215   0.60961998
   1.7578125  -0.43922144   0.56771475   0.56077832   0.56771463
    1.765625  -0.41997093   0.50891995   0.58002913   0.50891984
   1.7734375  -0.45507833    0.4629643   0.54492176   0.46296436
     1.78125  -0.49383712   0.50643522   0.50616294   0.50643533
   1.7890625  -0.42017102   0.55479103    0.5798291   0.55479103
    1.796875  -0.42141119   0.53064948    0.5785886   0.53064948
   1.8046875  -0.45264065   0.55369699   0.54735923   0.55369699
      1.8125  -0.45780957   0.53414601   0.54219037   0.53414601
   1.8203125  -0.42016095   0.53700477   0.57983917   0.53700483
    1.828125  -0.38548672   0.51622826    0.6145134   0.51622826
   1.8359375  -0.41729659   0.58981842   0.58270335   0.58981842
     1.84375   -0.3891775   0.60291338   0.61082256   0.60291338
   1.8515625  -0.32923225   0.55098414   0.67076778   0.55098414
    1.859375    -0.329366   0.47300217   0.67063397   0.47300217
   1.8671875   -0.4080857   0.50688136   0.59191424   0.50688136
       1.875  -0.39295265   0.48732546    0.6070472   0.48732552
   1.8828125  -0.35866681    0.5468443   0.64133322    0.5468443
    1.890625  -0.34335461   0.53953409   0.65664536   0.53953421
   1.8984375  -0.30200142   0.54433012    0.6979987   0.54433012
     1.90625  -0.26806468   0.56086814   0.73193544   0.56086814
   1.9140625  -0.33769292   0.55112183   0.66230756   0.55112183
    1.921875  -0.30110401   0.49690503   0.69889593   0.49690503
   1.9296875  -0.23289318   0.39295527   0.76710677   0.39295527
      1.9375  -0.26598242   0.33598223   0.73401761   0.33598223
   1.9453125  -0.33944809   0.44352293   0.66055185   0.44352287
    1.953125  -0.32857978   0.55685091   0.67142028   0.55685091
   1.9609375  -0.31310412   0.53198904   0.68689585   0.53198898
     1.96875  -0.30089232   0.45816159   0.69910783   0.45816165
   1.9765625  -0.38986188   0.46488595   0.61013812   0.46488592
    1.984375   -0.3865163   0.49664855   0.61348367   0.49664867
   1.9921875  -0.33656174   0.51087171    0.6634382   0.51087171
           2  -0.27952597   0.47598231     0.720474   0.47598237
   2.0078125   -0.2849898   0.45971704   0.71501017   0.45971701
    2.015625  -0.31605029   0.40853134   0.68394965   0.40853134
   2.0234375  -0.29540926   0.39534843    0.7045908   0.39534843
     2.03125  -0.26245463   0.35924384   0.73754537   0.35924384
   2.0390625  -0.24508862   0.44863623    0.7549113   0.44863623
    2.046875  -0.25443748    0.4534412   0.74556255    0.4534412
   2.0546875  -0.25161472   0.40760267   0.74838513   0.40760267
      2.0625  -0.22108376   0.38856432   0.77891642   0.38856426
   2.0703125  -0.25221542   0.33560711    0.7477845   0.33560708
    2.078125  -0.26777855   0.33848816   0.73222148   0.33848819
   2.0859375  -0.29846084   0.35580534   0.70153922   0.35580534
     2.09375   -0.3099173   0.36828154   0.69008273   0.36828154
   2.1015625  -0.29327106   0.37084091   0.70672858   0.37084091
    2.109375    -0.328798   0.36005142   0.67120183   0.36005148
   2.1171875  -0.25600111   0.32086995     0.743999   0.32086995
       2.125  -0.27847737   0.32146975   0.72152257   0.32146975
   2.1328125  -0.29858238   0.33093971   0.70141727   0.33093968
    2.140625  -0.22021805   0.29738331     0.779782   0.29738337
   2.1484375  -0.21936122   0.23625836   0.78063875    0.2362584
     2.15625  -0.31705424   0.25173235   0.68294573   0.25173235
   2.1640625  -0.26009738   0.24904785   0.73990268   0.24904791
    2.171875  -0.26741874   0.28181529   0.73258132   0.28181535
   2.1796875  -0.27557117    0.3243866   0.72442871   0.32438657
      2.1875  -0.29670808    0.3434366   0.70329165   0.34343669
   2.1953125  -0.32564169   0.29812658   0.67435837   0.29812655
    2.203125  -0.27313387   0.21681941    0.7268663   0.21681939
   2.2109375   -0.2850135   0.26161009   0.71498632   0.26161012
     2.21875   -0.3390168   0.25982776   0.66098315   0.25982776
   2.2265625   -0.3416926   0.22341569   0.65830737   0.22341567
    2.234375  -0.26759893   0.18545559   0.73240143   0.18545564
   2.2421875  -0.26420346   0.17379713   0.73579651   0.17379713
        2.25  -0.29840589   0.16465659   0.70159417   0.16465655
   2.2578125  -0.30591932   0.23554175   0.69408083   0.23554175
    2.265625  -0.29634458   0.20381536   0.70365536   0.20381537
   2.2734375  -0.30971345   0.21993819    0.6902864   0.21993819
     2.28125  -0.35544753   0.11169547   0.64455247   0.11169544
   2.2890625  -0.40872687  0.096667416   0.59127331  0.096667506
    2.296875  -0.40294731   0.15484686   0.59705275   0.15484683
   2.3046875  -0.36233371    0.1591323   0.63766617   0.15913229
      2.3125  -0.34104496   0.17207128    0.6589551   0.17207129
   2.3203125  -0.32133511   0.16814584   0.67866486   0.16814581
    2.328125  -0.32434854   0.14718308   0.67565161   0.14718305
   2.3359375  -0.35724062  0.099879473   0.64275938  0.099879436
     2.34375  -0.39902186   0.14369756   0.60097808   0.14369753
   2.3515625  -0.38381195   0.12978666   0.61618811   0.12978669
    2.359375  -0.42766568  0.036888607   0.57233441  0.036888611
   2.3671875  -0.39160505  0.085424975   0.60839522  0.085425012
       2.375    -0.370107   0.10146434    0.6298933   0.10146437
   2.3828125  -0.31804302  0.047613047   0.68195695  0.047613028
    2.390625  -0.45098227   0.10085647   0.54901761   0.10085645
   2.3984375  -0.53942764  0.018955238   0.46057245  0.018955205
     2.40625  -0.52297604  0.012266243   0.47702372  0.012266199
   2.4140625  -0.45967397 -0.021332996     0.540326 -0.021332992
    2.421875  -0.37254852 -0.015366848   0.62745136 -0.015366846
   2.4296875  -0.42331505 -0.035970714   0.57668495 -0.035970747
      2.4375  -0.42829067 -0.066502467   0.57170916 -0.066502504
   2.4453125  -0.46340922  -0.17095518   0.53659087  -0.17095518
    2.453125  -0.50732487 -0.084799416    0.4926751 -0.084799431
   2.4609375  -0.52265745  0.032336362   0.47734255  0.032336351
     2.46875  -0.48380977 0.0044689202   0.51619023 0.0044688974
   2.4765625  -0.61920637 -0.040286109   0.38079318 -0.040286094
    2.484375  -0.63788754 -0.031510994   0.36211255 -0.031511042
   2.4921875  -0.65701365 -0.089877367   0.34298632 -0.089877337
         2.5  -0.66811085 -0.045046862   0.33188933 -0.045046836
   2.5078125  -0.60697508 -0.075591728    0.3930248 -0.075591706
    2.515625  -0.62250012  -0.12461583   0.37749997  -0.12461577
   2.5234375  -0.70219445 -0.060773011   0.29780546 -0.060773041
     2.53125   -0.7594676 -0.067074783   0.24053228 -0.067074798
   2.5390625  -0.72433525  -0.13515757   0.27566513  -0.13515757
    2.546875  -0.72321653 -0.081448138   0.27678367 -0.081448123
   2.5546875  -0.73710042 -0.049384702   0.26289934 -0.049384665
      2.5625  -0.72158223 -0.078635357   0.27841759 -0.078635342
   2.5703125  -0.76541263   -0.1123346   0.23458751  -0.11233456
    2.578125  -0.82965487  -0.11661444   0.17034544  -0.11661445
   2.5859375  -0.89932638  -0.12319542   0.10067348  -0.12319539
     2.59375  -0.91970909 -0.077146716  0.080290958 -0.077146724
   2.6015625   -1.0016398 -0.079411961 -0.0016397444 -0.079411931
    2.609375  -0.98533988 -0.057033051  0.014659996 -0.057033017
   2.6171875  -0.95532429  0.039470799  0.044675454  0.039470781
       2.625  -0.99281871  0.068394907 0.0071813231   0.06839487
   2.6328125   -1.0171351 0.0069349068 -0.017135391 0.0069349105
    2.640625   -1.0763366  0.051065303 -0.076336488  0.051065333
   2.6484375   -1.1098173    0.1041839  -0.10981739   0.10418393
     2.65625   -1.1212715 0.00085170864  -0.12127144 0.00085171103
   2.6640625   -1.1417789   0.10482825  -0.14177877   0.10482829
    2.671875   -1.0730453  0.090296954 -0.073045239  0.090296946
   2.6796875  -0.95299721   0.18449402  0.047003254   0.18449402
      2.6875   -1.0711673   0.18359128 -0.071167007   0.18359128
   2.6953125   -1.1646683   0.12566948  -0.16466871   0.12566948
    2.703125    -1.188712    0.1481307  -0.18871202   0.14813069
   2.7109375   -1.0199542   0.24605417 -0.019954255    0.2460542
     2.71875   -1.0496669   0.28213179 -0.049666751   0.28213173
   2.7265625    -1.186747   0.15438089  -0.18674695    0.1543809
    2.734375   -1.2323332   0.23503962  -0.23233315   0.23503965
   2.7421875   -1.1471179    0.1707478  -0.14711769    0.1707478
        2.75   -1.1833812   0.23074713  -0.18338133   0.23074713
   2.7578125   -1.1632752   0.28919128  -0.16327499   0.28919134
    2.765625   -1.1197338   0.31003749  -0.11973424   0.31003749
   2.7734375   -1.1659088    0.2438821  -0.16590868    0.2438821
     2.78125   -1.2458817   0.22970599    -0.245882   0.22970599
   2.7890625   -1.2462121   0.20537752  -0.24621226   0.20537746
    2.796875   -1.2869219   0.22511701  -0.28692204   0.22511701
   2.8046875   -1.2877679   0.36988845  -0.28776804   0.36988845
      2.8125   -1.2139883   0.28889617  -0.21398826   0.28889617
   2.8203125   -1.2802848   0.27905557  -0.28028509   0.27905563
    2.828125   -1.3323587   0.31045389  -0.33235884   0.31045383
   2.8359375   -1.3462546   0.34256509  -0.34625465   0.34256515
     2.84375   -1.3241383   0.38536948  -0.32413876   0.38536939
   2.8515625   -1.3930858    0.4461233  -0.39308593   0.44612318
    2.859375   -1.3785836   0.46526334  -0.37858358   0.46526337
   2.8671875   -1.4335632   0.45843837  -0.43356347   0.45843831
       2.875   -1.4569757   0.46889552  -0.45697549   0.46889549
   2.8828125   -1.3493545    0.5242933  -0.34935436    0.5242933
    2.890625   -1.3941652   0.56246907  -0.39416516   0.56246912
   2.8984375    -1.404846   0.57616597  -0.40484595   0.57616597
     2.90625   -1.4271225   0.58463693  -0.42712238   0.58463699
   2.9140625    -1.523796   0.58892214  -0.52379614   0.58892214
    2.921875   -1.4916943   0.58441013  -0.49169418   0.58441019
   2.9296875   -1.5005479   0.69871593  -0.50054795   0.69871587
      2.9375   -1.5505925   0.70546407  -0.55059236   0.70546407
   2.9453125   -1.5195339    0.6571911  -0.51953399    0.6571911
    2.953125   -1.5238203   0.73913032  -0.52382028   0.73913044
   2.9609375   -1.5220579   0.78168088  -0.52205795   0.78168094
     2.96875   -1.5442554    0.7903958   -0.5442552   0.79039568
   2.9765625   -1.5383191    0.8073563  -0.53831905   0.80735624
    2.984375   -1.5041304   0.88499635  -0.50412995   0.88499653
   2.9921875   -1.5000509   0.94988942  -0.50005096   0.94988942
           3   -1.4995919    0.9486683  -0.49959174    0.9486683
   3.0078125   -1.5451626    1.0410073  -0.54516232    1.0410073
    3.015625    -1.531656    1.0430392  -0.53165627    1.0430392
   3.0234375   -1.5049909    1.0311325  -0.50499058    1.0311325
     3.03125   -1.4750612    1.0829887  -0.47506145    1.0829887
   3.0390625   -1.5157107     1.068185  -0.51571035    1.0681847
    3.046875   -1.5225465    1.0835278  -0.52254647    1.0835277
   3.0546875   -1.4936476    1.1752936  -0.49364787    1.1752936
      3.0625   -1.4204987    1.2232507  -0.42049855    1.2232507
   3.0703125    -1.471469    1.2269061   -0.4714689    1.2269061
    3.078125   -1.4721435    1.2558999  -0.47214335    1.2558999
   3.0859375   -1.4593773    1.2761775  -0.45937741    1.2761775
     3.09375   -1.4234768     1.314101  -0.42347661     1.314101
   3.1015625   -1.3722775    1.3353275   -0.3722775    1.3353275
    3.109375    -1.372676    1.3571861  -0.37267601    1.3571866
   3.1171875   -1.3548385    1.4205135  -0.35483831    1.4205135
       3.125   -1.3826783    1.4441844  -0.38267809    1.4441844
   3.1328125   -1.3418375    1.4465938  -0.34183756    1.4465938
    3.140625    -1.347224    1.4629034  -0.34722412    1.4629034
   3.1484375   -1.3103993    1.4583704  -0.31039909    1.4583703
     3.15625   -1.2881625    1.5081303   -0.2881622    1.5081303
   3.1640625   -1.2952075    1.5481831  -0.29520723    1.5481831
    3.171875   -1.2797004    1.5747859   -0.2797004    1.5747859
   3.1796875   -1.2230116    1.5807874   -0.2230116    1.5807873
      3.1875    -1.189975    1.6192759  -0.18997481    1.6192759
   3.1953125   -1.2002416    1.6379287  -0.20024155    1.6379287
    3.203125   -1.2014958    1.6692939  -0.20149584    1.6692938
   3.2109375   -1.1521406    1.6654404  -0.15214087    1.6654404
     3.21875   -1.1545069     1.701653    -0.154507     1.701653
   3.2265625   -1.1527464    1.7037607  -0.15274633    1.7037607
    3.234375    -1.131619    1.7014425  -0.13161886    1.7014425
   3.2421875   -1.0867523    1.7118909 -0.086752154    1.7118909
        3.25   -1.0711652    1.7398219 -0.071165062    1.7398219
   3.2578125   -1.0680068    1.7630087 -0.068006672    1.7630092
    3.265625   -1.0086764    1.7686197 -0.008676379    1.7686197
   3.2734375  -0.99594903    1.7913862 0.0040509156    1.7913862
     3.28125    -0.995969    1.7772493 0.0040312307    1.7772493
   3.2890625  -0.98194301    1.7835966  0.018056998    1.7835966
    3.296875  -0.96937078    1.8333834  0.030629056    1.8333834
   3.3046875  -0.93767649     1.865298  0.062323481     1.865298
      3.3125  -0.90866387    1.9138172  0.091336176    1.9138172
   3.3203125  -0.88133955    1.9018316   0.11866045    1.9018316
    3.328125  -0.86326087    1.8884591   0.13673908    1.8884592
   3.3359375  -0.83124769    1.9446206   0.16875273    1.9446206
     3.34375  -0.82614273    1.9126287   0.17385739    1.9126287
   3.3515625  -0.80022699    1.9335028   0.19977328    1.9335028
    3.359375  -0.75186825    1.9792467   0.24813145    1.9792467
   3.3671875  -0.72563857    2.0035911   0.27436146    2.0035908
       3.375  -0.70538652    1.9810879   0.29461327    1.9810879
   3.3828125   -0.6802507    1.9811764   0.31974915    1.9811765
    3.390625  -0.63206941    2.0260177   0.36793029    2.0260177
   3.3984375  -0.60965919    2.0440409   0.39034104    2.0440409
     3.40625  -0.59042811    2.0228126   0.40957195    2.0228126
   3.4140625  -0.56209058    2.0675695    0.4379096    2.0675695
    3.421875   -0.5792194    2.0957901   0.42078048    2.0957897
   3.4296875  -0.52050751    2.0800643   0.47949257    2.0800643
      3.4375  -0.40575999    1.9782854   0.59424013    1.9782856
   3.4453125  -0.45651999     1.992329   0.54347986    1.9923291
    3.453125  -0.41309774    2.1165202   0.58690232    2.1165202
   3.4609375  -0.36571074    2.1086438   0.63428938     2.108644
     3.46875   -0.3358365    2.0493832   0.66416341    2.0493832
   3.4765625  -0.30570099    2.0962765   0.69429898    2.0962765
    3.484375  -0.34809673    2.0706437   0.65190315    2.0706437
   3.4921875  -0.33511564    2.0695946   0.66488433    2.0695946
         3.5  -0.26060295    2.0614245   0.73939717    2.0614245
   3.5078125  -0.23566157    2.0254786   0.76433849    2.0254786
    3.515625  -0.23170881    2.0193729   0.76829112    2.0193727
   3.5234375  -0.24168052    2.1348534   0.75831908    2.1348534
     3.53125    -0.176102    2.1260278   0.82389796    2.1260278
   3.5390625  -0.08743874    2.2040274   0.91256154    2.2040274
    3.546875 0.0012192569    2.1132281    1.0012192    2.1132281
   3.5546875  0.033036333    1.9828898    1.0330366      1.98289
      3.5625   -0.0886003    2.0248356   0.91139954    2.0248356
   3.5703125 -0.073160343    2.0518486   0.92684001    2.0518486
    3.578125 -0.077991575    2.0376396   0.92200851    2.0376399
   3.5859375 -0.044510219    2.0189772    0.9554897    2.0189772
     3.59375  0.020523595    1.9257547     1.020524    1.9257548
   3.6015625 -0.010792207    1.9514706   0.98920798    1.9514706
    3.609375   0.10056317    1.9722278     1.100563    1.9722276
   3.6171875   0.12913683    1.9645339     1.129137    1.9645339
       3.625  0.080227256    2.0241642    1.0802274    2.0241644
   3.6328125   0.14410046    1.9952022    1.1441009    1.9952022
    3.640625   0.11719551    1.9713091    1.1171957    1.9713093
   3.6484375   0.17521426    1.9348849    1.1752142    1.9348849
     3.65625   0.22062908    1.9839265    1.2206292    1.9839267
   3.6640625   0.27062717    1.8793372    1.2706273    1.8793374
    3.671875   0.24266206    1.8522435    1.2426623    1.8522434
   3.6796875   0.22463576    1.9240381    1.2246355    1.9240384
      3.6875   0.31480885    1.9275596    1.3148088    1.9275596
   3.6953125   0.28498352    1.9024868    1.2849838     1.902487
    3.703125   0.29303643    1.8551816    1.2930366    1.8551816
   3.7109375    0.2474069    1.9290735    1.2474072    1.9290737
     3.71875   0.30921736    2.0028706     1.309217    2.0028715
   3.7265625   0.37540197    1.9190351    1.3754019    1.9190351
    3.734375   0.38416451      1.88089    1.3841647    1.8808904
   3.7421875   0.39687884    1.7890992     1.396879     1.789099
        3.75   0.43680903    1.7678804    1.4368086    1.7678807
   3.7578125   0.46845064    1.7550176    1.4684508    1.7550173
    3.765625   0.48481625    1.7709622    1.4848163     1.770962
   3.7734375    0.5160647     1.812716    1.5160644    1.8127155
     3.78125   0.52250463    1.8421711    1.5225052    1.8421713
   3.7890625   0.47317964    1.8153021    1.4731787    1.8153025
    3.796875   0.46699691     1.789224    1.4669969    1.7892243
   3.8046875   0.46076468    1.8619705    1.4607648    1.8619704
      3.8125    0.5146836    1.7707084     1.514684    1.7707088
   3.8203125   0.51122755    1.7923906    1.5112278    1.7923906
    3.828125   0.53609198    1.7233436    1.5360919    1.7233438
   3.8359375   0.68897957    1.6657047    1.6889805    1.6657047
     3.84375   0.68759459    1.6072754     1.687596    1.6072752
   3.8515625   0.68717033    1.5852261    1.6871697    1.5852265
    3.859375   0.83530915     1.580062    1.8353086     1.580062
   3.8671875   0.71224678    1.6739169    1.7122468    1.6739167
       3.875   0.60269517    1.6418651    1.6026956    1.6418648
   3.8828125   0.59445649    1.5766969    1.5944569    1.5766971
    3.890625   0.57390404    1.5374614    1.5739044    1.5374616
   3.8984375   0.61011493    1.5226535    1.6101152     1.522653
     3.90625   0.68458486    1.5346577    1.6845849     1.534658
   3.9140625   0.75569707    1.5860902    1.7556969    1.5860902
    3.921875   0.68876874    1.5759938    1.6887685    1.5759943
   3.9296875   0.63973749    1.5357864    1.6397377    1.5357866
      3.9375   0.60697126    1.5221177    1.6069716     1.522118
   3.9453125   0.69468296    1.4594158    1.6946836    1.4594148
    3.953125   0.78193969    1.5052426      1.78194    1.5052426
   3.9609375   0.73604763    1.4629756     1.736048    1.4629754
     3.96875   0.65011656    1.5063224    1.6501172    1.5063224
   3.9765625   0.70521402    1.4730185    1.7052138    1.4730184
    3.984375   0.69565004    1.4792862    1.6956499    1.4792862
   3.9921875     0.699911    1.4905967    1.6999108    1.4905965
           4   0.64043325    1.4049504    1.6404334    1.4049507
   4.0078125   0.55792546     1.266911     1.557925    1.2669115
    4.015625   0.68830681    1.4436671    1.6883065    1.4436674
   4.0234375   0.78369141    1.4831129    1.7836918    1.4831135
     4.03125    0.8000719     1.466011    1.8000728    1.4660113
   4.0390625   0.69174862     1.428268    1.6917483    1.4282683
    4.046875   0.75731277    1.3578876     1.757313    1.3578874
   4.0546875   0.81910062    1.3245195    1.8191001    1.3245196
      4.0625   0.74055761    1.3659029    1.7405576     1.365903
   4.0703125   0.72677451    1.3596244    1.7267742    1.3596239
    4.078125   0.81103671     1.283157    1.8110366    1.2831573
   4.0859375   0.83148515    1.2926829    1.8314849    1.2926826
     4.09375   0.82639092    1.3664515    1.8263918    1.3664513
   4.1015625   0.76773286    1.3823655    1.7677335    1.3823658
    4.109375   0.85956413     1.300127    1.8595647    1.3001266
   4.1171875   0.83542758    1.3033197    1.8354272    1.3033198
       4.125   0.92568123    1.2088515    1.9256811    1.2088523
   4.1328125   0.85712153    1.1836994    1.8571222    1.1836991
    4.140625   0.90291923    1.2138114    1.9029187     1.213812
   4.1484375   0.91125959    1.2665414    1.9112588    1.2665427
     4.15625    0.9501515    1.3198609    1.9501508    1.3198606
   4.1640625   0.88249671    1.1517828    1.8824953    1.1517816
    4.171875   0.80978459    1.1389755    1.8097848    1.1389736
   4.1796875   0.79274702    1.2021896     1.792745    1.2021904
      4.1875    0.9458583    1.1535105     1.945859    1.1535091
   4.1953125   0.90817666    1.1628309    1.9081763    1.1628306
    4.203125    0.8219586    1.1709414    1.8219591    1.1709405
   4.2109375   0.81874764     1.161541    1.8187478    1.1615388
     4.21875   0.78574449    1.2381306    1.7857443    1.2381315
   4.2265625   0.85651559     1.278374    1.8565141    1.2783738
    4.234375   0.87379861    1.0776515    1.8738002    1.0776536
   4.2421875   0.91327083     1.115842    1.9132705    1.1158442
        4.25   0.88556689    1.1031245    1.8855671    1.1031238
   4.2578125   0.89300513    1.0364654     1.893005    1.0364654
    4.265625   0.90856242     1.068912    1.9085627    1.0689133
   4.2734375    0.9296425    1.0475919    1.9296435    1.0475883
     4.28125   0.94271958    1.0113986    1.9427185    1.0113987
   4.2890625   0.94414914    1.0378143    1.9441489    1.0378143
    4.296875   0.98745406    1.1279266    1.9874536    1.1279269
   4.3046875   0.93297809    1.2143674     1.932979    1.2143682
      4.3125   0.88195658    1.0959088    1.8819559    1.0959102
   4.3203125    0.9066934   0.95921063    1.9066943   0.95921052
    4.328125   0.99223548   0.95451856    1.9922349   0.95451874
   4.3359375    1.0004044   0.93578404    2.0004034   0.93578464
     4.34375    1.0171551   0.88720661     2.017153   0.88720655
   4.3515625    1.0624838   0.98500788    2.0624821   0.98500717
    4.359375   0.98884624    0.9647069    1.9888471   0.96470445
   4.3671875   0.93639022   0.92417264    1.9363921   0.92417151
       4.375   0.93992627   0.85650384    1.9399275   0.85650402
   4.3828125   0.89558136   0.92253262    1.8955822   0.92253107
    4.390625    0.9623493   0.95648068    1.9623489   0.95648056
   4.3984375    1.0508157   0.93430692    2.0508127   0.93430704
     4.40625   0.99164742   0.86221534    1.9916492   0.86221564
   4.4140625   0.98505259   0.90368241    1.9850516   0.90368217
    4.421875   0.99605989    0.8684606    1.9960592    0.8684625
   4.4296875    1.0014582   0.93738163    2.0014575   0.93737829
      4.4375    1.0012467   0.87417853    2.0012481   0.87417978
   4.4453125   0.97246844   0.95221293     1.972469   0.95221269
    4.453125   0.93686861   0.89389205    1.9368666   0.89389282
   4.4609375    1.0555888   0.88061792    2.0555928   0.88061982
     4.46875   0.94763172   0.91707671     1.947631   0.91707808
   4.4765625   0.97416329   0.84984398    1.9741635   0.84984887
    4.484375   0.93218827   0.83319801    1.9321902    0.8331989
   4.4921875   0.94775891   0.79843932    1.9477595   0.79844069
         4.5   0.98443991   0.77981246    1.9844425   0.77981067
   4.5078125   0.95053816   0.75019145    1.9505394   0.75019127
    4.515625    1.0183741   0.86863524    2.0183754   0.86863649
   4.5234375    1.0838072   0.78383458    2.0838046   0.78383625
     4.53125    1.0046233   0.64294243    2.0046239   0.64294434
   4.5390625    0.9947319    0.7152102    1.9947356    0.7152071
    4.546875    1.0453573   0.78092921    2.0453558   0.78092772
   4.5546875    1.0373381   0.77626592    2.0373361   0.77626497
      4.5625   0.93817979   0.73477566    1.9381783    0.7347753
   4.5703125   0.98102671   0.78232938    1.9810278   0.78233021
    4.578125   0.99694437   0.75525659    1.9969454   0.75525886
   4.5859375    0.9260695   0.71954513    1.9260713   0.71954596
     4.59375   0.96581739    0.6824348    1.9658204   0.68243724
   4.6015625    1.0091814   0.67301893    2.0091822   0.67301989
    4.609375    1.0441949   0.74551654    2.0441947   0.74551535
   4.6171875   0.97751319   0.71122932    1.9775114   0.71122926
       4.625   0.97844589   0.66326559    1.9784473   0.66326541
   4.6328125    1.0095425   0.69860321    2.0095394   0.69860446
    4.640625    1.0377612     0.644696    2.0377634   0.64469653
   4.6484375    0.9732371   0.62229109    1.9732356   0.62229306
     4.65625    1.0051874   0.57568312    2.0051901   0.57568324
   4.6640625    1.0619853   0.64550024    2.0619836   0.64549929
    4.671875     1.048999   0.61997968    2.0490022   0.61997944
   4.6796875   0.99844998   0.58398914    1.9984453   0.58398944
      4.6875    1.0606071   0.56390631    2.0606086   0.56390232
   4.6953125    1.0078011   0.53147691    2.0078008   0.53147793
    4.703125   0.92118758   0.55620712    1.9211862   0.55621177
   4.7109375    0.9050293   0.50236392    1.9050282   0.50236499
     4.71875   0.97788298   0.53234297     1.977882   0.53233767
   4.7265625   0.96428496   0.64232779    1.9642867   0.64232886
    4.734375    1.0094401   0.59117651    2.0094359   0.59117419
   4.7421875    1.0252627   0.52371836    2.0252647   0.52371258
        4.75   0.99321163   0.47858673    1.9932066   0.47859022
   4.7578125   0.94508052    0.5149036    1.9450741    0.5149042
    4.765625   0.95868564   0.53925717     1.958688   0.53925711
   4.7734375   0.94709611   0.51020443    1.9471023   0.51020968
     4.78125   0.97975188    0.5241738    1.9797505   0.52417368
   4.7890625    1.0075085   0.53685588    2.0075073     0.536852
    4.796875   0.99041063   0.50956321    1.9904102    0.5095647
   4.8046875   0.97725099   0.51869714    1.9772555   0.51869786
      4.8125    1.0058571   0.51068294    2.0058589   0.51067841
   4.8203125    1.0246263   0.42351034     2.024627   0.42351013
    4.828125    1.0432953   0.51493943     2.043294   0.51493907
   4.8359375    1.0691984    0.5830127    2.0692003    0.5830127
     4.84375   0.98180503    0.5459736    1.9818025   0.54597694
   4.8515625   0.96053594   0.47336066    1.9605376   0.47336051
    4.859375   0.92857403   0.43708861    1.9285774   0.43709168
   4.8671875   0.95461464   0.46141499    1.9546139   0.46140933
       4.875   0.91687089   0.54060292    1.9168732   0.54059905
   4.8828125   0.88073725   0.47040868    1.8807342   0.47040462
    4.890625    1.0032188   0.44948727    2.0032196   0.44948134
   4.8984375   0.99986517   0.42156383    1.9998664   0.42157048
     4.90625    1.0092658   0.36957416    2.0092685   0.36957428
   4.9140625   0.99688691   0.39856881    1.9968859    0.3985748
    4.921875   0.98892349   0.45252514    1.9889154   0.45252857
   4.9296875   0.93418384   0.45356026    1.9341841   0.45356041
      4.9375   0.92405415    0.4276222    1.9240518   0.42762244
   4.9453125   0.92038602   0.39361826    1.9203886   0.39361528
    4.953125   0.89070517    0.3628988     1.890707   0.36289513
   4.9609375   0.89880753   0.40664846    1.8988047    0.4066506
     4.96875   0.91711968   0.42149022    1.9171219   0.42148808
   4.9765625   0.94606972   0.37161997    1.9460663   0.37161437
    4.984375   0.94723076   0.37172225    1.9472283    0.3717238
   4.9921875   0.93381375   0.43289992    1.9338109     0.432901
           5   0.85346359   0.40386942    1.8534565    0.4038654
   5.0078125   0.91166079   0.31823814    1.9116625   0.31823835
    5.015625   0.96564853   0.33274814    1.9656479   0.33275315
   5.0234375   0.86860424   0.37556633    1.8686073   0.37556714
     5.03125   0.83270603   0.34814033    1.8327142   0.34813744
   5.0390625   0.88905251   0.38523662    1.8890561   0.38523427
    5.046875   0.91792661   0.34571484     1.917928   0.34571448
   5.0546875   0.90397835   0.37302241    1.9039799   0.37302113
      5.0625   0.95600629   0.33371621     1.956003   0.33370966
   5.0703125   0.91592044   0.30401042    1.9159212   0.30401307
    5.078125   0.92508209   0.34413695    1.9250886   0.34413964
   5.0859375   0.90887129   0.36142081    1.9088726   0.36141703
     5.09375   0.92633885   0.35072148    1.9263445   0.35072887
   5.1015625    0.9110406   0.35000399    1.9110448   0.34999993
    5.109375   0.92802131   0.28518957    1.9280248   0.28519392
   5.1171875   0.93208921   0.25345877    1.9320875   0.25346056
       5.125   0.92085946   0.26529637    1.9208556   0.26529413
   5.1328125   0.97597879   0.20716871    1.9759768   0.20716251
    5.140625   0.97065228   0.19042753    1.9706522   0.19042034
   5.1484375   0.91578507   0.20305894    1.9157848   0.20304999
     5.15625   0.87911761    0.2974577    1.8791175   0.29745686
   5.1640625   0.89054245   0.30060139    1.8905423   0.30060962
    5.171875   0.86854064   0.24351783    1.8685377   0.24350984
   5.1796875   0.82081687   0.30845514    1.8208233   0.30845264
      5.1875   0.69958687   0.27110198    1.6995982   0.27109835
   5.1953125   0.83474702   0.20883463    1.8347523   0.20882301
    5.203125   0.99448556   0.18050681    1.9944695   0.18050754
   5.2109375   0.94515049   0.25640461     1.945155   0.25640327
     5.21875   0.85686755   0.25195068     1.856871   0.25195104
   5.2265625   0.85978442   0.36690998    1.8597895   0.36691999
    5.234375   0.90267074   0.29048127    1.9026744   0.29048643
   5.2421875   0.80749583   0.19609632    1.8074895   0.19609748
        5.25   0.86990148   0.19623059    1.8699042   0.19623344
   5.2578125   0.94392604   0.16053027    1.9439268   0.16053116
    5.265625   0.87166959  0.059697539    1.8716813  0.059693702
   5.2734375   0.82612497  0.040599935    1.8261214  0.040610135
     5.28125   0.84721905   0.18887573    1.8472173   0.18888471
   5.2890625   0.76584297   0.15448622    1.7658509    0.1545006
    5.296875   0.82363683   0.16465169    1.8236372   0.16464858
   5.3046875   0.79143381   0.10312447    1.7914394   0.10311283
      5.3125   0.86267006   0.10249501    1.8626778   0.10249692
   5.3203125   0.87819916   0.27362037    1.8782017   0.27363083
    5.328125   0.81239784   0.37393612       1.8124   0.37393317
   5.3359375   0.65524226   0.30038923    1.6552489   0.30040228
     5.34375   0.78887719   0.18126948    1.7888646   0.18128289
   5.3515625   0.82851988   0.17601204    1.8285142    0.1760117
    5.359375   0.91870588   0.17330772    1.9187058   0.17329301
   5.3671875   0.91464245   0.12853156    1.9146371   0.12852573
       5.375   0.94782037   0.19066866    1.9478284    0.1906563
   5.3828125    0.8816579    0.1684473    1.8816582   0.16844007
    5.390625   0.84096622   0.17763864    1.8409649   0.17764309
   5.3984375   0.82555372   0.11754449     1.825551   0.11755943
     5.40625   0.79043013   0.16000751    1.7904243   0.16000479
   5.4140625   0.79437453   0.18499292    1.7943769   0.18499619
    5.421875   0.81293857   0.11457802    1.8129336   0.11457358
   5.4296875   0.74193507   0.05483165    1.7419343  0.054832224
      5.4375   0.77407086  0.078592852    1.7740697  0.078599155
   5.4453125    0.8402493   0.10179824    1.8402715   0.10178155
    5.453125   0.82812726  0.090650402    1.8281153  0.090654358
   5.4609375   0.84665614  0.062826686    1.8466674  0.062830254
     5.46875   0.69436204  0.021198863    1.6943545  0.021205023
   5.4765625   0.79503804  0.099899113     1.795035  0.099893689
    5.484375   0.85845369   0.11165515    1.8584719    0.1116688
   5.4921875   0.77368158  0.094937578    1.7736859  0.094951317
         5.5   0.72691661   0.11063194    1.7269193   0.11063755
   5.5078125   0.89089656   0.22492252    1.8909087   0.22493772
    5.515625   0.80253607     0.275859    1.8025209   0.27586111
   5.5234375   0.80177951    0.1048738    1.8017889   0.10487065
     5.53125   0.80101711    0.0526639    1.8010206  0.052674338
   5.5390625   0.78647178  0.067193165    1.7864892   0.06719587
    5.546875   0.80199552  0.036674172    1.8020011  0.036664594
   5.5546875   0.91371971   0.10589897     1.913717   0.10589842
      5.5625   0.80982018   0.18461578    1.8098124   0.18461488
   5.5703125   0.85807705 -0.0080462545    1.8580842 -0.0080339173
    5.578125   0.91641521  0.037108582     1.916419  0.037110411
   5.5859375   0.89125371   0.16975024     1.891268   0.16974111
     5.59375   0.86928296   0.17120671    1.8692816   0.17121355
   5.6015625   0.85649478  0.097211257    1.8564744  0.097209506
    5.609375   0.96312183  0.095828593    1.9631189   0.09582217
   5.6171875   0.90538782   0.10988607    1.9053861   0.10987233
       5.625   0.71504682   0.14309047    1.7150465   0.14307733
   5.6328125   0.84160399  0.034355927    1.8416185  0.034341332
    5.640625   0.91115934  0.067225493    1.9111426   0.06721779
   5.6484375    0.7780022 -0.031508911    1.7780108 -0.031516284
     5.65625   0.83748162 -0.069861956    1.8374701 -0.069871724
   5.6640625   0.73187304  0.054365955    1.7318536  0.054353073
    5.671875   0.64085853  0.044816554    1.6408228   0.04481538
   5.6796875   0.67419326  0.013689893    1.6741877  0.013694759
      5.6875   0.69277304 -0.0020674451    1.6927873 -0.002084085
   5.6953125   0.66607505 -0.014505138    1.6660391 -0.014498804
    5.703125   0.65016127 -0.065144025    1.6501637 -0.065143332
   5.7109375   0.66594791  0.024088694    1.6659513  0.024104616
     5.71875   0.75447345  0.073805071    1.7544855  0.073823206
   5.7265625    0.6914373  0.072321087     1.691438  0.072310969
    5.734375   0.65996212 0.0053262543    1.6599847  0.005307816
   5.7421875   0.74955481 0.0089310724    1.7495636 0.0089285392
        5.75    0.8272211   0.10321978    1.8272198    0.1032161
   5.7578125    0.7728799  0.092611007    1.7728677  0.092643924
    5.765625   0.72951639 -0.017050125    1.7295038 -0.017011041
   5.7734375   0.72243458 -0.019858422    1.7224367 -0.019855911
     5.78125   0.69267958 -0.012265918     1.692685 -0.012256932
   5.7890625   0.69994628 -0.031881738    1.6999425 -0.031866632
    5.796875   0.75052345 -0.027105862    1.7505261 -0.027110733
   5.8046875   0.78584182 -0.075362585    1.7858554 -0.075359315
      5.8125   0.70151842  0.019714274    1.7015212  0.019711159
   5.8203125   0.61369389 -0.021716982    1.6136948 -0.021702688
    5.828125   0.65473187  0.062425438    1.6547432  0.062461182
   5.8359375    0.6648528  0.050999161    1.6648693  0.051011734
     5.84375   0.67170966  0.082260698    1.6716946  0.082236499
   5.8515625   0.68245411 -0.0050411173    1.6824701 -0.0050497688
    5.859375   0.62841827 -0.063930489    1.6283962 -0.063915633
   5.8671875   0.70743382 -0.047133841    1.7074538 -0.047131825
       5.875   0.68402135 -0.026293708    1.6840203 -0.026308058
   5.8828125   0.57189184 -0.026292412    1.5718783 -0.026318002
    5.890625   0.56045252  -0.08611241    1.5604459 -0.086110957
   5.8984375   0.71270823  -0.10587002     1.712738  -0.10586675
     5.90625   0.67659014 -0.027814215    1.6765832 -0.027778514
   5.9140625   0.66632366  -0.01691968    1.6663405 -0.016898984
    5.921875   0.66233265  0.008830457    1.6623452 0.0088326437
   5.9296875   0.71331233 -0.033522196    1.7132961 -0.033504747
      5.9375    0.7218616  -0.11298368    1.7218544  -0.11297314
   5.9453125   0.59378713 -0.075943045    1.5937902 -0.075943202
    5.953125   0.63739479 -0.038195938    1.6374109 -0.038214322
   5.9609375   0.64731747  0.034032192    1.6473179  0.034034893
     5.96875   0.64847064   0.12485975    1.6484574   0.12487551
   5.9765625    0.7091862  0.036153473    1.7091793   0.03617565
    5.984375   0.67801148 -0.0027918941    1.6780418 -0.0027821581
   5.9921875   0.65565747 -0.020033635    1.6556692 -0.020040751
           6   0.66718489 -0.036038507    1.6672292 -0.036043018
   6.0078125   0.66212183 -0.012778318    1.6621325   -0.0127729
    6.015625   0.64464527  0.026012847    1.6446657  0.026024377
   6.0234375   0.62162358 -0.022406476    1.6216172 -0.022392584
     6.03125   0.66472334 -0.081676066    1.6647154 -0.081677198
   6.0390625    0.7104525 -0.035026815    1.7104374 -0.035031702
    6.046875   0.64489108 -0.045715179    1.6448864 -0.045755815
   6.0546875    0.6848864 -0.028384978    1.6849177 -0.028386272
      6.0625   0.70871598  0.021457406    1.7087141  0.021482449
   6.0703125   0.62580895  0.022055289    1.6258215  0.022081191
    6.078125   0.64721477  -0.11706638    1.6471618  -0.11705184
   6.0859375   0.60974592  -0.13217011    1.6097567  -0.13214765
     6.09375   0.56697965  -0.18497291    1.5669683  -0.18492629
   6.1015625   0.63185221 -0.054221679    1.6318735 -0.054201841
    6.109375   0.65755415 -0.077657498    1.6575601 -0.077651352
   6.1171875   0.66475642 -0.068750627    1.6647793   -0.0687491
       6.125   0.64764184  -0.13554619    1.6476424  -0.13553253
   6.1328125   0.60725242  -0.12130798    1.6072298   -0.1212633
    6.140625   0.42185795 -0.044754457    1.4218866 -0.044730239
   6.1484375   0.50915772  -0.14685915    1.5091838  -0.14685462
     6.15625   0.60711449  -0.11910228    1.6070716  -0.11908878
   6.1640625   0.63490033  -0.12199474    1.6348931  -0.12199263
    6.171875   0.60925931 -0.053257901     1.609274 -0.053265736
   6.1796875   0.63997406 -0.067112043    1.6399601 -0.067125395
      6.1875   0.59888023 -0.017671227    1.5988884 -0.017673288
   6.1953125   0.57473755 -0.014196718    1.5747771 -0.014263453
    6.203125   0.58956391 -0.068880454    1.5895503 -0.068870865
   6.2109375   0.56439859 -0.090833969    1.5644243 -0.090802498
     6.21875    0.5619489  -0.13232498     1.561908  -0.13235016
   6.2265625   0.62552309  -0.17754522    1.6254864   -0.1775725
    6.234375   0.54505044  -0.15545392    1.5450711  -0.15539606
   6.2421875   0.50611216  -0.14773467    1.5061394  -0.14771944
        6.25   0.54090351 -0.066418178    1.5409032 -0.066406868
   6.2578125   0.60151196  -0.15275107    1.6014841  -0.15276568
    6.265625   0.61360204    -0.191016    1.6136079  -0.19105187
   6.2734375   0.55272025 -0.095931321    1.5527581 -0.095973291
     6.28125   0.56466371 -0.094602317    1.5647163 -0.094639331
   6.2890625   0.59454346  -0.17426895    1.5945146  -0.17426217
    6.296875   0.63068914  -0.14829719    1.6306622  -0.14830607
   6.3046875   0.59592295  -0.11409199    1.5959225  -0.11411224
      6.3125   0.56494999  -0.12824802    1.5649692  -0.12824629
   6.3203125   0.51964557  -0.13887464    1.5196598  -0.13891171
    6.328125   0.53019094  -0.13177213    1.5302219  -0.13175359
   6.3359375   0.48276207  -0.14409406    1.4827909  -0.14405239
     6.34375   0.60056335  -0.12035749    1.6005591  -0.12031668
   6.3515625   0.60688186  -0.16680555    1.6068522  -0.16679716
    6.359375   0.53213489 -0.089882255    1.5321648 -0.089838997
   6.3671875   0.57719123   -0.1439673    1.5771722  -0.14399081
       6.375   0.62203932   -0.1700906    1.6220058  -0.17009655
   6.3828125   0.54814643  -0.13974833    1.5481626  -0.13972646
    6.390625   0.51284802  -0.15547666    1.5128816  -0.15547529
   6.3984375   0.50093794  -0.14458805    1.5009795  -0.14460738
     6.40625   0.61145353  -0.15891707    1.6114293  -0.15893747
   6.4140625   0.54583418  -0.23839425    1.5458244  -0.23836033
    6.421875   0.53058225  -0.19379818    1.5305929  -0.19386643
   6.4296875   0.58824551  -0.22531457     1.588197  -0.22528329
      6.4375    0.5835157  -0.22084333    1.5835034  -0.22084908
   6.4453125    0.6115402  -0.17373225    1.6115229  -0.17375422
    6.453125   0.52149308  -0.14519653    1.5214428  -0.14521858
   6.4609375   0.54191035  -0.19772726    1.5419524  -0.19770625
     6.46875   0.56510818  -0.20622119    1.5651112  -0.20626883
   6.4765625   0.50930017  -0.25028199    1.5093247  -0.25022671
    6.484375   0.48680216  -0.22983365    1.4867973  -0.22975838
   6.4921875    0.4777824  -0.17277929    1.4778057  -0.17282344
         6.5   0.47875744  -0.18339293    1.4788002  -0.18336307
   6.5078125    0.4452039  -0.12334993     1.445251   -0.1233396
    6.515625   0.53194886  -0.13904679    1.5319597  -0.13897902
   6.5234375   0.60370648  -0.13298137    1.6037413    -0.132975
     6.53125   0.57843089   -0.1788736    1.5784379  -0.17888856
   6.5390625   0.54925144  -0.14070459    1.5492527  -0.14071587
    6.546875   0.52042836  -0.12952854    1.5204269   -0.1295343
   6.5546875   0.48392066   -0.1268068    1.4839758  -0.12682824
      6.5625   0.46826324  -0.13170063    1.4682279  -0.13166934
   6.5703125   0.52491397  -0.14216912    1.5249875  -0.14218384
    6.578125   0.58498007  -0.20519242    1.5849764  -0.20516153
   6.5859375   0.54616874  -0.16109686    1.5461938   -0.1611539
     6.59375   0.52860534  -0.10229099    1.5286068  -0.10220973
   6.6015625   0.49899942  -0.15966077    1.4990271  -0.15963803
    6.609375   0.46906525  -0.14207472    1.4691163  -0.14201248
   6.6171875   0.50200951  -0.17643443    1.5019959  -0.17639883
       6.625   0.54510754  -0.23283672    1.5450654  -0.23291096
   6.6328125   0.55958509  -0.26603907     1.559558  -0.26601121
    6.640625   0.55085021  -0.19019955    1.5508472  -0.19021508
   6.6484375   0.59677011   -0.1698842    1.5967913  -0.16988701
     6.65625   0.56159067   -0.2003727    1.5616032  -0.20036082
   6.6640625    0.5283432  -0.23329756    1.5283155    -0.233256
    6.671875   0.44012523  -0.17840397    1.4401592  -0.17836261
   6.6796875   0.45382559   -0.1206923     1.453866  -0.12069444
      6.6875   0.46787784   -0.2041223    1.4678622  -0.20412198
   6.6953125   0.51860869  -0.22951157    1.5186579  -0.22953963
    6.703125   0.55687767  -0.24017021    1.5569379  -0.24013132
   6.7109375   0.49020559  -0.22864978    1.4902385  -0.22867252
     6.71875   0.46985161  -0.22585694    1.4698678  -0.22591665
   6.7265625   0.55042404  -0.20250078    1.5503725  -0.20251112
    6.734375   0.54109251  -0.26895261     1.541054  -0.26893738
   6.7421875   0.46214634  -0.31599522     1.462134  -0.31605178
        6.75   0.46761325  -0.17047407    1.4676243  -0.17043479
   6.7578125   0.43992904  -0.26972541    1.4399709  -0.26979047
    6.765625   0.49333116  -0.31820604    1.4933323  -0.31823429
   6.7734375   0.51166403  -0.24728538     1.511656  -0.24727446
     6.78125   0.35463366  -0.21553655    1.3546314  -0.21554127
   6.7890625   0.30085957    -0.203885    1.3007966  -0.20387445
    6.796875   0.36131454  -0.17890872    1.3612618  -0.17888771
   6.8046875   0.51612031  -0.30106455    1.5161625  -0.30110556
      6.8125   0.54821485  -0.17510687    1.5480874  -0.17509666
   6.8203125   0.46627891  -0.10445387    1.4663273  -0.10438269
    6.828125   0.49020195  -0.18301903     1.490244  -0.18310915
   6.8359375   0.50476789  -0.24873288    1.5048171  -0.24872577
     6.84375   0.44118518  -0.19473946    1.4411383  -0.19473104
   6.8515625   0.41270775  -0.16622519    1.4127361  -0.16621517
    6.859375   0.39216778  -0.22613795    1.3922044  -0.22615577
   6.8671875    0.3966949  -0.23782361    1.3966514  -0.23771153
       6.875   0.41648155  -0.25175643    1.4164799  -0.25172102
   6.8828125    0.3890022  -0.22421147    1.3889785  -0.22410327
    6.890625   0.39245808  -0.20554282    1.3924974  -0.20546104
   6.8984375   0.40722293   -0.2363891    1.4072552  -0.23632869
     6.90625   0.46974722   -0.2274944      1.46982  -0.22742096
   6.9140625   0.43592426  -0.19388859    1.4359452  -0.19389819
    6.921875   0.40600359  -0.25709718    1.4061702  -0.25710118
   6.9296875   0.33093283  -0.33810058      1.33092  -0.33811462
      6.9375   0.34148073   -0.1903182    1.3414932  -0.19027814
   6.9453125   0.47411275  -0.16567169    1.4740393  -0.16552761
    6.953125   0.50297761  -0.23643574    1.5029734  -0.23642655
   6.9609375   0.46675497  -0.26681089    1.4666295  -0.26676291
     6.96875   0.46279702  -0.28490418    1.4628905  -0.28482214
   6.9765625    0.4164916  -0.26667368    1.4165231  -0.26664618
    6.984375   0.41309136  -0.25136352    1.4131361   -0.2513136
   6.9921875   0.42374641  -0.20350993    1.4237763   -0.2034571
           7   0.43101147  -0.21957457    1.4309071  -0.21960245
   7.0078125   0.39848647  -0.23190412    1.3983442  -0.23191239
    7.015625   0.41488603  -0.24236186    1.4148108   -0.2423642
   7.0234375    0.4097611  -0.25118589    1.4097726  -0.25110856
     7.03125   0.45510018   -0.2765972    1.4551226  -0.27650362
   7.0390625   0.47414556  -0.20161083    1.4740686   -0.2016535
    7.046875   0.40383127  -0.18398336    1.4039074  -0.18400666
   7.0546875   0.36923113  -0.20653102    1.3692287  -0.20658693
      7.0625   0.33131251  -0.26234278    1.3313489  -0.26249444
   7.0703125   0.44229054  -0.32209417    1.4423363  -0.32219079
    7.078125   0.43617192  -0.25726166    1.4360958  -0.25712338
   7.0859375   0.40415582  -0.19530824    1.4043119  -0.19541539
     7.09375   0.35507268  -0.16952857    1.3550704  -0.16955982
   7.1015625   0.25936776  -0.21214379    1.2593392  -0.21205668
    7.109375   0.28842416  -0.25340396    1.2884773   -0.2533052
   7.1171875   0.36275578  -0.23456407    1.3628554  -0.23458555
       7.125   0.37200922  -0.16049401    1.3720177  -0.16052273
   7.1328125   0.39095727  -0.22088484    1.3909906  -0.22078013
    7.140625   0.40036729   -0.2385291    1.4003556  -0.23857737
   7.1484375   0.38040885   -0.2378418    1.3803966  -0.23775746
     7.15625   0.41169348  -0.30103028    1.4115953   -0.3010228
   7.1640625   0.41925946  -0.36179197    1.4192721  -0.36171663
    7.171875   0.40841642  -0.29691538    1.4083116  -0.29687041
   7.1796875   0.43596321   -0.2686933    1.4359376   -0.2687037
      7.1875   0.44991586  -0.21512519    1.4499105  -0.21523172
   7.1953125   0.42291015   -0.2311632    1.4228551  -0.23110622
    7.203125   0.37517476  -0.30545124    1.3751717  -0.30527788
   7.2109375   0.34697714  -0.23640651    1.3467699  -0.23640028
     7.21875   0.33957508  -0.24877426    1.3396206  -0.24887013
   7.2265625   0.37291476  -0.22762431    1.3728428  -0.22755769
    7.234375   0.31994134  -0.21485232    1.3199396  -0.21484424
   7.2421875   0.32287371  -0.27733958    1.3227711  -0.27747089
        7.25   0.33061051  -0.25605926    1.3305027  -0.25611177
   7.2578125   0.31756869  -0.18968366    1.3175148  -0.18955992
    7.265625   0.32121414  -0.21941637    1.3214439  -0.21957456
   7.2734375   0.34024242  -0.18829313    1.3403215  -0.18825381
     7.28125   0.37840873  -0.22527094    1.3785383  -0.22540586
   7.2890625   0.36246729  -0.28186747    1.3624383  -0.28177768
    7.296875   0.34845078  -0.27098408    1.3484793  -0.27104053
   7.3046875   0.31606534  -0.20382522    1.3161123  -0.20386724
      7.3125   0.25419965  -0.15699354    1.2541461  -0.15685597
   7.3203125   0.27271643  -0.18172652    1.2726403  -0.18169919
    7.328125    0.2554456  -0.21875532    1.2553769  -0.21900116
   7.3359375   0.28609765  -0.16585469     1.286068  -0.16588128
     7.34375   0.29283243  -0.11826555    1.2928114  -0.11828168
   7.3515625   0.33680359  -0.16701706    1.3368707  -0.16720879
    7.359375   0.35980266   -0.2023408    1.3599758  -0.20234743
   7.3671875   0.38022098  -0.27983463    1.3801912  -0.28007373
       7.375   0.29390407  -0.23358455    1.2939103   -0.2337095
   7.3828125   0.31423888  -0.17064004    1.3142756  -0.17084552
    7.390625   0.35847834  -0.21479836     1.358644   -0.2147509
   7.3984375   0.34221396  -0.20519218    1.3422092  -0.20511799
     7.40625   0.36579743  -0.21039923    1.3657787  -0.21039483
   7.4140625   0.33824083  -0.23002858    1.3382943   -0.2299308
    7.421875   0.30793232  -0.23040973    1.3078761   -0.2307287
   7.4296875   0.25731781  -0.22435972    1.2573704  -0.22449411
      7.4375   0.26149231  -0.22863957     1.261585  -0.22881807
   7.4453125   0.26526237   -0.2819024    1.2654277  -0.28177491
    7.453125   0.27854148  -0.27420416    1.2785615  -0.27398714
   7.4609375    0.3263379   -0.2308125    1.3263662  -0.23086606
     7.46875   0.29103926  -0.22892672    1.2911894   -0.2290425
   7.4765625   0.29616192  -0.27357444    1.2962643  -0.27362287
    7.484375   0.28488085   -0.2504113    1.2849883  -0.25051123
   7.4921875    0.2232925  -0.25407457    1.2237582   -0.2540552
         7.5   0.28142813  -0.25375581    1.2814137  -0.25360119
   7.5078125   0.32266653  -0.26358405    1.3227601  -0.26381963
    7.515625   0.29103497  -0.23578805    1.2910105  -0.23570316
   7.5234375   0.26604173  -0.25195739     1.265938  -0.25183392
     7.53125   0.27469629   -0.2571573    1.2744944  -0.25726911
   7.5390625   0.29196593  -0.25193685    1.2920108  -0.25182453
    7.546875   0.34771436  -0.14238432    1.3476373  -0.14214696
   7.5546875   0.36463693  -0.17053162    1.3646522  -0.17045245
      7.5625   0.30659944  -0.30883488     1.306671  -0.30892459
   7.5703125   0.27899566  -0.24827272    1.2791408  -0.24833749
    7.578125   0.25778103   -0.2775729    1.2576135  -0.27770483
   7.5859375   0.24421395  -0.29514545    1.2441924  -0.29502827
     7.59375   0.24047922  -0.26532415    1.2406436  -0.26541874
   7.6015625   0.27037171  -0.31412202    1.2704309  -0.31431648
    7.609375    0.2798999  -0.22721532    1.2800636  -0.22736777
   7.6171875   0.25472009  -0.23648714     1.254783  -0.23650001
       7.625   0.28963399    -0.298125    1.2896048  -0.29818782
   7.6328125   0.27852708  -0.28716752    1.2786056  -0.28728852
    7.640625   0.24504726  -0.23325391    1.2447653  -0.23314181
   7.6484375   0.31414348  -0.26166716    1.3137538  -0.26190048
     7.65625   0.31087479   -0.2283529    1.3108424  -0.22820739
   7.6640625   0.30381238  -0.24471368    1.3037966  -0.24466002
    7.671875   0.29950821  -0.25067675     1.299269  -0.25059038
   7.6796875   0.26372781  -0.23483525    1.2636224  -0.23479357
      7.6875   0.29950956  -0.21964699    1.2996471  -0.21925008
   7.6953125   0.31580713  -0.26289496    1.3161243  -0.26286575
    7.703125   0.30978501  -0.27483842    1.3101357  -0.27489921
   7.7109375   0.27379233  -0.29726943    1.2736661  -0.29707134
     7.71875   0.22198211   -0.2741577    1.2222373  -0.27428111
   7.7265625   0.30060923  -0.24242266    1.3006938  -0.24218819
    7.734375   0.23948002  -0.23475826    1.2395641  -0.23463596
   7.7421875   0.18111913  -0.27812624    1.1811192  -0.27830404
        7.75   0.28881028  -0.24660987    1.2886558  -0.24694225
   7.7578125   0.26273179  -0.17928848    1.2629963  -0.17968608
    7.765625   0.22905351  -0.21874104    1.2292413  -0.21859218
   7.7734375   0.27333781  -0.25501359    1.2734632  -0.25479662
     7.78125   0.26785955  -0.28626642    1.2678574  -0.28668252
   7.7890625    0.2354074  -0.28516147    1.2354311   -0.2850996
    7.796875   0.26943919   -0.2424397    1.2701044  -0.24245316
   7.8046875   0.27607134  -0.25820956    1.2757488  -0.25843257
      7.8125   0.27925867  -0.27722812    1.2791772  -0.27800906
   7.8203125     0.197589  -0.25499099    1.1974434  -0.25525898
    7.828125   0.25287279   -0.2805905    1.2529546  -0.28094471
   7.8359375   0.32225126  -0.30701995    1.3220832  -0.30755901
     7.84375   0.29474783  -0.34893793    1.2943805  -0.34877202
   7.8515625   0.24927774  -0.26217267    1.2494881  -0.26258576
    7.859375   0.26205164  -0.25122637    1.2618591  -0.25099492
   7.8671875   0.23884352  -0.23587611    1.2390119  -0.23622064
       7.875   0.20552656  -0.21647932    1.2056533  -0.21666509
   7.8828125   0.22894908  -0.23647793    1.2288703   -0.2364772
    7.890625   0.25686842  -0.23776627    1.2567204  -0.23756249
   7.8984375   0.18429291  -0.15435816    1.1844531  -0.15428098
     7.90625   0.16325039  -0.15352294    1.1632189  -0.15352459
   7.9140625   0.22075304   -0.2445236    1.2208961  -0.24455191
    7.921875    0.2503418  -0.28177488    1.2502421  -0.28173664
   7.9296875   0.22368343  -0.27764004    1.2237011  -0.27765447
      7.9375   0.19072695  -0.36770201    1.1904725  -0.36773473
   7.9453125   0.21730609  -0.29312414    1.2169204  -0.29313987
    7.953125   0.22923784  -0.20553038    1.2291868  -0.20544799
   7.9609375   0.22735457  -0.16331717    1.2275106  -0.16279371
     7.96875   0.19164237  -0.16352436    1.1917723  -0.16359685
   7.9765625   0.22947165  -0.23012042    1.2296364   -0.2302375
    7.984375   0.21550126  -0.27457085     1.215511  -0.27474794
   7.9921875   0.23526363  -0.30082762    1.2351484  -0.30103126
           8   0.24330552  -0.30079567    1.2431338  -0.30085427
   8.0078125   0.24823715  -0.31026608    1.2482921  -0.31037354
    8.015625   0.24960573   -0.2119755    1.2498612  -0.21206811
   8.0234375   0.15236025  -0.17976151    1.1525291  -0.17935507
     8.03125   0.22232968  -0.17832054    1.2223293  -0.17843027
   8.0390625   0.25259259  -0.20292017    1.2523501  -0.20356511
    8.046875   0.22371383  -0.23605077    1.2236301  -0.23589021
   8.0546875   0.29227144  -0.21044055    1.2926116  -0.21056928
      8.0625   0.25355622  -0.22072488     1.253481  -0.22072215
   8.0703125   0.19087549  -0.25942919    1.1908159  -0.25939783
    8.078125   0.23402335   -0.3254241    1.2340145  -0.32527742
   8.0859375   0.19384678  -0.27523777    1.1931742  -0.27529773
     8.09375     0.177939  -0.24195467    1.1779474  -0.24204703
   8.1015625    0.1570731  -0.20952454    1.1568376  -0.20961682
    8.109375   0.14168422  -0.25485367    1.1416281  -0.25453669
   8.1171875   0.10894277  -0.24986112    1.1093987  -0.25024235
       8.125   0.16035286  -0.28229299    1.1608334  -0.28234613
   8.1328125   0.23207036  -0.26615283    1.2315296  -0.26621857
    8.140625   0.31477731  -0.19435458    1.3148308  -0.19435841
   8.1484375   0.23815392  -0.25211293    1.2382908  -0.25230047
     8.15625   0.22718425  -0.31691864    1.2280252  -0.31686026
   8.1640625   0.31766689  -0.26037246    1.3175379  -0.26042488
    8.171875   0.22389941  -0.29606336    1.2239118  -0.29584423
   8.1796875   0.18303303  -0.29608697    1.1828971  -0.29604763
      8.1875   0.22124004  -0.30400872    1.2210627  -0.30375552
   8.1953125   0.24096796  -0.32338142    1.2409303  -0.32382897
    8.203125   0.22356004  -0.33865309    1.2233334  -0.33920982
   8.2109375   0.20855291  -0.29442635    1.2080734  -0.29405129
     8.21875   0.22987592  -0.23734806    1.2299491  -0.23749621
   8.2265625   0.19601732  -0.20137985    1.1957581  -0.20125948
    8.234375   0.18135495  -0.26742595    1.1814466   -0.2677803
   8.2421875   0.20288458  -0.31038943    1.2029139  -0.31012708
        8.25   0.25244704  -0.19558728     1.252758  -0.19535954
   8.2578125   0.19217803  -0.25523686    1.1923615  -0.25465614
    8.265625   0.17106606  -0.28076899    1.1716281  -0.28144544
   8.2734375   0.19132684  -0.26404959    1.1917001   -0.2640672
     8.28125   0.10451056  -0.30179402    1.1046561   -0.3013027
   8.2890625   0.10226681  -0.25272405    1.1022047  -0.25276095
    8.296875   0.15027332  -0.21598192    1.1496494  -0.21571121
   8.3046875   0.16764267   -0.1670564    1.1679243  -0.16754788
      8.3125   0.21535419  -0.21235155    1.2154512  -0.21234196
   8.3203125   0.23719472  -0.21607634    1.2374098  -0.21673837
    8.328125   0.21983524   -0.2300747    1.2198062  -0.22935425
   8.3359375   0.18413623  -0.29461026    1.1839155  -0.29428142
     8.34375   0.18326272  -0.25214717    1.1831985  -0.25150448
   8.3515625   0.15511911  -0.21750137    1.1547073  -0.21721989
    8.359375   0.13077617  -0.15365732    1.1305959  -0.15478106
   8.3671875   0.12000448  -0.33126745    1.1196623  -0.33138514
       8.375   0.26151565  -0.30928475    1.2615736  -0.30960491
   8.3828125    0.1492884  -0.24347769    1.1491615  -0.24314882
    8.390625   0.13775344  -0.23173639    1.1382848  -0.23165502
   8.3984375   0.16903409  -0.25121132    1.1688005  -0.25069466
     8.40625   0.15144736  -0.27062076    1.1512548  -0.26998067
   8.4140625   0.22558951  -0.32750273    1.2247355  -0.32793528
    8.421875   0.11668716  -0.19662952    1.1165899    -0.196804
   8.4296875   0.05014937  -0.09277159    1.0491318 -0.093332745
      8.4375  0.091776066  -0.11916776    1.0918089  -0.11965724
   8.4453125   0.15416241  -0.16325763    1.1545364  -0.16320094
    8.453125    0.1880161  -0.21370001    1.1874882  -0.21362644
   8.4609375   0.21230389  -0.18840198    1.2127466  -0.18837018
     8.46875   0.14452027  -0.29246509    1.1444942  -0.29266608
   8.4765625   0.17290236  -0.18578266    1.1729175  -0.18581583
    8.484375   0.16358745  -0.14028694    1.1642997  -0.14004415
   8.4921875   0.15828799  -0.26955152    1.1587002  -0.26941425
         8.5   0.13067213  -0.24714409    1.1305094  -0.24673946
   8.5078125   0.10413863  -0.25552163     1.104085  -0.25558096
    8.515625   0.10626046  -0.23950052    1.1058695  -0.23923594
   8.5234375    0.1422126   -0.2211411    1.1419874  -0.22089916
     8.53125   0.19302112  -0.19800808    1.1922565  -0.19740319
   8.5390625  0.064794205  -0.28483382    1.0645905  -0.28469375
    8.546875  0.069506243   -0.2530081    1.0698109  -0.25274131
   8.5546875   0.14193031   -0.2441083     1.142168  -0.24407206
      8.5625 -0.032330669  -0.25566873   0.96843588  -0.25584632
   8.5703125 -0.046079248    -0.248849   0.95350331  -0.24916144
    8.578125 -0.021129325  -0.28581238   0.97910362  -0.28627661
   8.5859375   0.11452673  -0.29275614    1.1142415  -0.29228243
     8.59375 -0.029649941  -0.19932863   0.97031772  -0.19881622
   8.6015625  -0.11480667  -0.24573676   0.88535106  -0.24579009
    8.609375   0.11841121  -0.27838063     1.118256  -0.27752221
   8.6171875   0.14288795  -0.28226769    1.1428375  -0.28148451
       8.625   0.11668046  -0.27718806    1.1162922  -0.27731696
   8.6328125  0.093630277  -0.23582329    1.0940284  -0.23562743
    8.640625   0.13315202  -0.24137609    1.1325902  -0.24170341
   8.6484375  0.087327786  -0.29085413    1.0882552  -0.29102331
     8.65625 0.0040724343   -0.1329259    1.0050193  -0.13269237
   8.6640625   0.11938783  -0.17884378    1.1194469  -0.17836535
    8.671875   0.11160889  -0.36067665    1.1119492  -0.36078897
   8.6796875   0.14878172  -0.24662791    1.1484734   -0.2455754
      8.6875    0.1112386  -0.23185416    1.1111709  -0.23125727
   8.6953125   0.02143975  -0.26444176    1.0207624  -0.26446781
    8.703125  0.067338839  -0.19910084    1.0682471  -0.19924092
   8.7109375   0.14301814  -0.19368912    1.1429806  -0.19363089
     8.71875  0.011202603  -0.21696515    1.0111496  -0.21701556
   8.7265625 0.0069860402  -0.22520603    1.0072256  -0.22535525
    8.734375  0.061098769  -0.19638072    1.0610427  -0.19553082
   8.7421875   0.13640805  -0.12319137    1.1358608  -0.12304337
        8.75  0.053205963  -0.21648814    1.0528504  -0.21634603
   8.7578125 0.0021225938  -0.30709961    1.0027198  -0.30723962
    8.765625   0.06655623  -0.42791241    1.0655708  -0.42836931
   8.7734375  0.059551805  -0.38919979    1.0597593    -0.389002
     8.78125   0.11568621  -0.21967167    1.1151613  -0.21915801
   8.7890625  0.079604164  -0.21730734    1.0794774  -0.21654327
    8.796875  0.043166067  -0.19829671    1.0437376  -0.19818047
   8.8046875  0.084891595  -0.27474886    1.0854377   -0.2747792
      8.8125 -0.013908472  -0.13053109   0.98675966  -0.13028494
   8.8203125   0.02997035 -0.077702262    1.0296603 -0.077457882
    8.828125   0.12501974  -0.33919844    1.1253401  -0.33859038
   8.8359375   0.16004616  -0.42518452     1.161002  -0.42529953
     8.84375   0.10351539  -0.30206174    1.1034027  -0.30189973
   8.8515625 -0.045642015  -0.16999885   0.95425516  -0.17028408
    8.859375 -0.048981935 -0.048797764   0.95114052 -0.049426429
   8.8671875   0.12393098 -0.082796216    1.1239684 -0.082707949
       8.875   0.09138836  -0.19818267    1.0910093  -0.19770199
   8.8828125 -0.00064546615  -0.31120336   0.99895197   -0.3108162
    8.890625 -0.078174919  -0.33091983   0.92104739  -0.33093274
   8.8984375  0.021479204  -0.25548384    1.0210577  -0.25571239
     8.90625  0.085868701  -0.13915271    1.0856975  -0.13924734
   8.9140625  0.051157307  -0.22820862    1.0508034  -0.22769846
    8.921875  0.075506017  -0.32266226    1.0755802  -0.32288462
   8.9296875  0.091984674  -0.24583204    1.0920197  -0.24542652
      8.9375   0.15236476  -0.15031686    1.1518544  -0.15045239
   8.9453125   0.12079615  -0.24590051    1.1196854  -0.24540965
    8.953125  0.065235838  -0.19002986     1.064878   -0.1896691
   8.9609375   0.13130054  -0.15002961    1.1313038  -0.14939176
     8.96875    0.1089563  -0.18882208    1.1093705  -0.18874076
   8.9765625  0.090482265  -0.17865577    1.0908672  -0.17945589
    8.984375   0.17457625  -0.22417849    1.1739309  -0.22513667
   8.9921875   0.13638997  -0.19819628    1.1371843  -0.19806717
           9 -0.038199242  -0.20666447   0.96135795  -0.20668487
   9.0078125 -0.082121119  -0.12780221   0.91730344   -0.1270166
    9.015625 -0.015650904  -0.28831446   0.98308003  -0.28788608
   9.0234375  0.059964973  -0.36872792    1.0591009  -0.36850038
     9.03125  0.062022068  -0.27068323    1.0616302  -0.27071136
   9.0390625  0.079329662  -0.16711162    1.0798756  -0.16525948
    9.046875  0.012332336  -0.14209022    1.0130674  -0.14250404
   9.0546875 -0.035606675  -0.20347431   0.96386486  -0.20308539
      9.0625   0.10422618   -0.2090006     1.103529  -0.20904619
   9.0703125    0.1145429  -0.28641298    1.1158444  -0.28651038
    9.078125   0.12892534  -0.24055296    1.1287532  -0.24130924
   9.0859375  0.045358025  -0.21222614     1.045804  -0.21230966
     9.09375 -0.032583192  -0.24263489   0.96702099  -0.24301101
   9.1015625  -0.04995326   -0.2042328   0.94919342  -0.20399833
    9.109375 -0.011368887  -0.30623811   0.98945719   -0.3066448
   9.1171875 -0.0071450244  -0.28931579   0.99281728  -0.28996468
       9.125  0.079428934  -0.23052755    1.0797414  -0.23057242
   9.1328125   0.11305421  -0.17706124    1.1123259  -0.17677478
    9.140625 -0.0081225643  -0.16743228    0.9930858  -0.16732004
   9.1484375  -0.11208329   -0.2217537   0.88782895  -0.22177885
     9.15625   0.14267728  -0.25437912    1.1429796   -0.2549881
   9.1640625  0.091463022  -0.28929713    1.0918617  -0.28817782
    9.171875   0.25829634  -0.33212835    1.2578372  -0.33254582
   9.1796875  0.052466359  -0.38626376    1.0520594  -0.38536209
      9.1875 -0.082701892   -0.3987332   0.91800642  -0.39866924
   9.1953125 -0.055225313  -0.29037982   0.94532239  -0.28978682
    9.203125  0.060312986   -0.1806521    1.0599194   -0.1808079
   9.2109375 -0.0071833692  -0.26613352   0.99290228  -0.26569337
     9.21875 -0.069188401  -0.24554507   0.93085676  -0.24486779
   9.2265625   -0.1179347  -0.19782051   0.88334358  -0.19795942
    9.234375  -0.01929567  -0.12627435   0.98108202  -0.12643327
   9.2421875  0.037670244  -0.21403641    1.0377681  -0.21440968
        9.25 -0.021297986  -0.29778072   0.97820336  -0.29710025
   9.2578125 -0.071327515  -0.17304215   0.92941076  -0.17335771
    9.265625  -0.19424984  -0.18776348   0.80599964  -0.18845455
   9.2734375  -0.08488097  -0.12182657   0.91481268  -0.12087528
     9.28125  -0.14682682  -0.15146008   0.85302716     -0.15165
   9.2890625 -0.046989795  -0.11696403   0.95257199  -0.11778031
    9.296875  0.058263786    -0.093998    1.0572519 -0.093863055
   9.3046875 -0.067473479 0.0083398484    0.9335801 0.0090020187
      9.3125 -0.079895347  -0.14628591   0.92111576  -0.14635183
   9.3203125  -0.13276204  -0.19904642     0.867706  -0.19933167
    9.328125 -0.017413003  -0.20680326   0.98239022  -0.20659956
   9.3359375  -0.10113076 -0.085616805   0.89884883 -0.084891871
     9.34375 -0.091979541  -0.15304089    0.9072029  -0.15246093
   9.3515625 -0.029076314   -0.1538333    0.9719547  -0.15395659
    9.359375 -0.0014226261  -0.13873555   0.99896044  -0.13874172
   9.3671875 -0.082324244  -0.33819941   0.91729653  -0.33712521
       9.375 -0.099027887  -0.24551898   0.90046984  -0.24476023
   9.3828125 -0.031400491   -0.1864991   0.96940345  -0.18683432
    9.390625  -0.22473527  -0.22011682   0.77616966  -0.22088777
   9.3984375  -0.37910506   -0.2909787   0.62089646  -0.29103115
     9.40625  -0.36402121  -0.19671825   0.63573635   -0.1980104
   9.4140625  -0.29193816 -0.068821855   0.70937723 -0.068005197
    9.421875  -0.10578193 -0.031362493   0.89391232 -0.032402411
   9.4296875  -0.11337613  -0.13699459   0.88611442  -0.13610704
      9.4375  -0.19158603  -0.22507769   0.80723006  -0.22618268
   9.4453125 -0.097039379 -0.031797107    0.9019829 -0.031482138
    9.453125  -0.11889667   0.07145828   0.88214409  0.070797853
   9.4609375 -0.048379771 -0.095106125   0.95155102 -0.093646631
     9.46875   -0.1898925  -0.12643686   0.80963999  -0.12612098
   9.4765625  -0.23314178 -0.0088377129   0.76676065 -0.0087293256
    9.484375  0.018079797  -0.19233391    1.0174032   -0.1930429
   9.4921875  0.045452625  -0.25329515    1.0448378  -0.25295651
         9.5  0.041700102  -0.22843732    1.0412662  -0.22833526
   9.5078125 -0.046887487  -0.22963795   0.95248359  -0.22820701
    9.515625  -0.11697842  -0.40672299    0.8820439  -0.40501383
   9.5234375 -0.058331642  -0.16285616   0.94246536  -0.16174078
     9.53125  0.028929768  -0.15591837    1.0285614  -0.15517852
   9.5390625 -0.057340503 0.0090334136   0.94466436 0.0097550368
    9.546875  -0.35868937  0.074477203   0.64089888  0.074693993
   9.5546875  -0.18704399 -0.027314473   0.81294554 -0.027435796
      9.5625  -0.17609829  0.060855489   0.82482624  0.060432497
   9.5703125  -0.14802739 -0.018540818    0.8516655 -0.018205881
    9.578125  -0.29492393  -0.23869799   0.70522612  -0.23803329
   9.5859375 -0.0015269452   -0.1652901   0.99854803  -0.16431244
     9.59375  -0.19990349  0.048626333   0.80061525  0.049195025
   9.6015625  -0.19400375  0.049179628   0.80620974  0.049771812
    9.609375   0.09530583 -0.046551205    1.0934674 -0.046741087
   9.6171875 -0.0015251526   0.49070245    0.9982717    0.4916867
       9.625  -0.10817099   0.25740856    0.8918097   0.25879917
   9.6328125  -0.23792085 0.0020697883    0.7623657  0.002120096
    9.640625   0.12750056  0.057383563    1.1274149  0.056888446
   9.6484375 -0.080787256  -0.30647868    0.9198181  -0.30764815
     9.65625 -0.025728351   -0.2773402   0.97407055  -0.27552748
   9.6640625 0.00073113397  -0.23852874    1.0012522  -0.23689771
    9.671875  -0.15597261   0.18579279   0.84596038   0.18665339
   9.6796875  0.062273275   0.17924516    1.0618415   0.17961636
      9.6875  0.022701234   0.11293384    1.0231613   0.11264798
   9.6953125  0.013536641 -0.021980772    1.0128031 -0.020151924
    9.703125  0.079566069  -0.12340759    1.0785725  -0.12471197
   9.7109375   0.06033916   -0.1319088    1.0600514  -0.13181953
     9.71875    0.3002739   0.32927024    1.3004777   0.32929263
   9.7265625 -0.00087941129   0.97385645    0.9980669   0.97219658
    9.734375 -0.090971865   0.27849203   0.90983135   0.27931139
   9.7421875   0.10182794  -0.19944339    1.1029215  -0.20067835
        9.75 -0.025397189 -0.030391512   0.97550261 -0.028816825
   9.7578125  -0.27147159 -0.059588458   0.72849774 -0.058441762
    9.765625  -0.17407097  -0.08904285   0.82460481 -0.087803595
   9.7734375  0.084630415  0.072261497    1.0841901  0.072811842
     9.78125  0.054820776  0.022578057    1.0559672  0.023034059
   9.7890625   0.31844601   0.23050892    1.3173562   0.22972992
    9.796875 -0.061976489  0.086172275   0.94014204  0.085536532
   9.8046875  -0.23412292  -0.13358997   0.76703966  -0.13259381
      9.8125  0.011326229  -0.12161622     1.010475  -0.12020284
   9.8203125  -0.10017321   0.14061311   0.89862376   0.14117116
    9.828125   -0.2252671  0.083427563   0.77530056  0.083157383
   9.8359375  -0.20328701   0.18800952   0.79561877   0.18879594
     9.84375  -0.19204772 -0.056683362   0.80861163 -0.056840379
   9.8515625  -0.14845945 -0.035071284    0.8496331  -0.03429291
    9.859375 -0.017909529   0.27062917   0.98033553   0.27261674
   9.8671875  -0.32812694   0.29931644    0.6711309   0.29815233
       9.875   -0.1101086   0.33737507   0.88971436   0.33728036
   9.8828125   0.29474133   0.35280877    1.2931052   0.34947318
    9.890625   0.39348477  -0.24465284    1.3954359  -0.24535163
   9.8984375 -0.018967805  -0.43765512   0.98183167  -0.43854842
     9.90625   0.63341403  -0.43811604    1.6338105  -0.43641165
   9.9140625   0.35267103  -0.31847832    1.3536642  -0.31706771
    9.921875   0.15696667 -0.032358848    1.1586255 -0.030523099
   9.9296875   0.36791208   0.54507303    1.3677903    0.5454616
      9.9375   0.38954124   0.65938616    1.3907007   0.65885389
   9.9453125  0.076021641  0.019656735    1.0757673  0.020302972
    9.953125  0.025647653  0.017084621    1.0261238  0.017801747
   9.9609375   0.26250148  0.078688174    1.2630479  0.079308428
     9.96875   0.48501274 0.0081514725    1.4853832 0.0066327709
   9.9765625   0.61677492  0.043172874    1.6152933  0.041616976
    9.984375    0.3437615 -0.096780844    1.3432356 -0.098245904
   9.9921875   0.12234998   0.11405252    1.1241715   0.11529562
          10   0.22118421 -0.051879976    1.2232156 -0.052501526